100
7344
0 0 8787
0 1 8029
0 2 6808
0 3 2183
0 4 1141
0 5 6470
0 6 4411
0 7 6427
0 8 2306
0 9 4496
0 12 5400
0 13 3161
0 14 9705
0 15 9813
0 16 8779
0 17 7732
0 19 1850
0 21 7674
0 22 6062
0 23 3572
0 25 3235
0 26 2386
0 28 7249
0 29 802
0 30 7727
0 33 4613
0 34 2478
0 35 8057
0 38 2882
0 39 623
0 40 6998
0 41 6800
0 42 7573
0 44 7047
0 45 938
0 47 3468
0 48 2647
0 49 9804
0 50 5115
0 51 5227
0 52 1622
0 53 2252
0 55 8952
0 56 5008
0 57 996
0 58 5126
0 59 1336
0 60 3129
0 63 6370
0 65 257
0 66 580
0 67 3007
0 68 1624
0 69 1826
0 70 1103
0 72 3808
0 73 356
0 75 3999
0 76 9984
0 77 5669
0 78 6105
0 79 2943
0 84 4721
0 86 196
0 89 5281
0 90 5173
0 91 8565
0 92 3175
0 93 611
0 94 9052
0 95 5742
0 97 2851
0 99 3138
1 0 523
1 2 3912
1 3 989
1 4 7666
1 6 7670
1 10 1156
1 11 5653
1 12 5105
1 13 6125
1 15 9946
1 16 2144
1 17 1308
1 19 7031
1 20 2728
1 21 3296
1 22 7639
1 23 6034
1 24 9159
1 25 1072
1 27 5963
1 28 3290
1 29 5153
1 30 6343
1 31 8553
1 32 3665
1 33 8813
1 34 1932
1 35 2763
1 36 1678
1 37 5673
1 38 7924
1 40 5784
1 42 1040
1 43 2035
1 44 3186
1 46 5362
1 48 3858
1 50 9549
1 51 7147
1 52 7875
1 55 8651
1 56 4714
1 58 6402
1 59 8093
1 60 5415
1 61 9266
1 62 2986
1 63 9322
1 64 4342
1 68 1415
1 69 7775
1 72 4576
1 73 8336
1 75 9036
1 76 1580
1 77 2554
1 78 9352
1 79 319
1 82 4601
1 83 3356
1 85 513
1 86 3201
1 87 6446
1 88 4567
1 89 1618
1 91 7444
1 92 4753
1 93 4324
1 94 8141
1 95 8958
1 97 2782
1 98 9969
1 99 7053
2 2 5710
2 3 9591
2 4 232
2 5 6891
2 6 6701
2 7 2679
2 8 3800
2 9 8620
2 10 1976
2 11 8506
2 12 4147
2 14 3829
2 15 90
2 16 751
2 17 110
2 20 5582
2 21 1005
2 22 8662
2 23 4801
2 24 7633
2 25 2398
2 27 42
2 28 9075
2 33 9521
2 34 7134
2 35 7806
2 36 779
2 37 8909
2 38 3175
2 39 1039
2 40 8646
2 41 3585
2 42 6637
2 43 7106
2 44 5791
2 45 9928
2 46 1442
2 48 8062
2 49 7386
2 50 8459
2 51 9711
2 52 9936
2 53 9829
2 56 7015
2 57 6079
2 58 7153
2 59 6694
2 60 3028
2 64 715
2 65 3924
2 66 4860
2 67 8655
2 68 6685
2 69 3246
2 70 7906
2 72 2026
2 73 9425
2 75 800
2 76 5517
2 77 9893
2 78 3878
2 79 8052
2 81 3217
2 84 3228
2 85 5853
2 86 1599
2 87 3573
2 88 4011
2 89 3019
2 90 9726
2 91 7770
2 92 5039
2 94 9061
2 95 4281
2 96 4388
2 97 2460
2 98 5613
2 99 5343
3 0 6771
3 5 6747
3 6 3747
3 7 5736
3 8 8332
3 9 2602
3 10 328
3 11 9444
3 13 969
3 14 8601
3 17 6385
3 18 5256
3 19 3562
3 20 5841
3 21 5070
3 22 6378
3 23 5880
3 24 9099
3 26 9406
3 27 5027
3 28 1359
3 30 2048
3 32 6071
3 33 9617
3 34 3599
3 36 5455
3 37 4525
3 38 617
3 39 3032
3 40 6308
3 41 6337
3 42 2705
3 43 2838
3 44 5074
3 45 2380
3 46 7442
3 47 4699
3 48 6206
3 49 8015
3 52 6737
3 53 9364
3 54 1210
3 56 117
3 62 8286
3 63 4771
3 64 3936
3 67 954
3 68 7052
3 69 4995
3 70 5938
3 71 9526
3 72 1268
3 74 4869
3 76 8721
3 79 5900
3 81 9977
3 84 9525
3 85 640
3 86 9164
3 87 5979
3 89 3579
3 90 8113
3 91 1061
3 92 7191
3 93 8574
3 94 4892
3 95 6877
4 0 4567
4 1 7941
4 2 8887
4 3 9618
4 4 9808
4 5 6801
4 6 6081
4 7 6253
4 8 2880
4 10 4497
4 11 9218
4 12 6733
4 13 7189
4 14 1216
4 15 206
4 18 2287
4 19 7064
4 20 7766
4 22 7309
4 25 2529
4 26 7007
4 27 8154
4 28 4338
4 29 7723
4 30 4889
4 31 8218
4 32 3681
4 34 5547
4 35 856
4 38 3613
4 39 2304
4 40 6863
4 42 4780
4 43 501
4 44 9760
4 45 1513
4 46 7104
4 47 1273
4 48 933
4 49 6084
4 50 9106
4 51 2224
4 53 2215
4 54 9814
4 55 8265
4 57 1274
4 58 5949
4 59 8515
4 60 9226
4 61 9046
4 63 996
4 64 668
4 65 8257
4 66 3335
4 67 6502
4 68 465
4 70 355
4 73 6205
4 74 7938
4 75 2874
4 78 7557
4 80 6959
4 81 2779
4 82 1579
4 83 1310
4 84 3464
4 86 9008
4 88 286
4 90 6669
4 91 4566
4 93 9942
4 94 1350
4 95 8880
4 96 9181
4 97 7147
4 98 7553
4 99 4852
5 0 4604
5 1 4867
5 2 6620
5 3 9824
5 5 7834
5 7 9576
5 8 1719
5 10 5231
5 11 8344
5 12 2624
5 13 29
5 15 1647
5 17 3795
5 18 7288
5 19 4991
5 21 7751
5 22 159
5 23 5332
5 26 3137
5 28 8085
5 29 197
5 30 4693
5 32 7163
5 35 461
5 36 864
5 37 8024
5 38 576
5 40 1306
5 41 8286
5 43 2339
5 46 2143
5 47 7072
5 48 1771
5 51 8193
5 52 9291
5 55 3548
5 56 6511
5 58 8368
5 59 1818
5 61 6749
5 62 8424
5 64 758
5 66 8443
5 67 1726
5 68 8764
5 70 1798
5 71 3567
5 72 1384
5 78 4623
5 79 5978
5 80 7669
5 81 7580
5 82 7958
5 83 9727
5 84 5149
5 85 6475
5 86 2363
5 87 1784
5 88 4916
5 89 2269
5 92 2241
5 93 2351
5 94 6135
5 95 2130
5 97 6927
5 98 5655
5 99 5148
6 1 9915
6 2 6014
6 3 8861
6 4 4944
6 5 1228
6 6 7098
6 7 8685
6 8 8889
6 11 9331
6 12 5077
6 15 2726
6 16 3110
6 17 4689
6 18 9390
6 19 3105
6 20 4518
6 21 5581
6 23 9002
6 24 3993
6 25 6500
6 27 5314
6 28 3780
6 30 8620
6 31 4682
6 32 5507
6 33 9411
6 34 1839
6 36 1830
6 37 1292
6 38 9933
6 39 990
6 40 2540
6 42 6436
6 43 4685
6 44 9138
6 45 9611
6 46 8228
6 48 5107
6 49 7193
6 50 7630
6 51 5963
6 52 3226
6 53 3904
6 56 6900
6 57 2686
6 59 1381
6 60 9220
6 62 3810
6 63 1883
6 65 8677
6 67 9168
6 68 6897
6 70 8147
6 71 4982
6 72 6548
6 73 7561
6 74 6817
6 75 6427
6 76 1351
6 78 826
6 80 4060
6 82 3396
6 84 764
6 87 7387
6 89 5343
6 90 6758
6 91 701
6 92 4177
6 94 9373
6 95 8509
6 97 3628
6 98 7922
6 99 9254
7 0 6370
7 1 2474
7 2 8220
7 4 7543
7 5 2104
7 6 4949
7 7 1691
7 9 1311
7 10 915
7 11 4217
7 12 950
7 13 8669
7 14 192
7 15 4677
7 16 3700
7 17 3746
7 19 6578
7 20 4029
7 21 7761
7 22 5773
7 24 4560
7 25 3602
7 26 3107
7 28 2168
7 31 8618
7 32 9245
7 33 8239
7 34 6677
7 36 1934
7 37 8540
7 38 3676
7 41 7808
7 42 5274
7 43 8676
7 44 5801
7 45 5163
7 46 4876
7 47 2305
7 48 1124
7 49 7129
7 50 7268
7 51 9566
7 53 6112
7 54 9021
7 56 2998
7 57 5716
7 59 9040
7 60 5004
7 61 8940
7 62 1811
7 63 4969
7 65 1152
7 66 9397
7 69 819
7 70 6977
7 71 4358
7 74 757
7 75 8910
7 76 9636
7 78 4435
7 80 7091
7 81 9637
7 82 4404
7 83 6947
7 84 73
7 86 1779
7 87 5334
7 88 2420
7 89 1489
7 90 9879
7 92 6761
7 94 6902
7 95 5732
7 96 7527
7 98 4687
8 0 8085
8 1 1838
8 2 1216
8 3 3001
8 4 2234
8 5 7461
8 6 7916
8 8 4330
8 9 8141
8 10 4507
8 11 4797
8 12 6039
8 14 2735
8 17 4344
8 19 9492
8 20 1885
8 21 4147
8 22 4818
8 25 4015
8 26 4015
8 27 379
8 28 5478
8 29 5139
8 30 1291
8 33 6229
8 35 1250
8 38 7337
8 39 2716
8 40 6114
8 41 9406
8 43 1590
8 44 5464
8 45 156
8 48 1151
8 49 7000
8 50 3166
8 52 2043
8 53 1661
8 55 7330
8 56 8078
8 57 1897
8 58 9457
8 59 2247
8 60 2366
8 61 5718
8 62 2044
8 63 8373
8 64 1096
8 65 6457
8 66 1485
8 67 8618
8 68 4858
8 69 8086
8 71 9962
8 73 7555
8 74 3064
8 75 9266
8 76 8044
8 77 1676
8 78 3889
8 79 9756
8 80 9680
8 81 55
8 82 3746
8 83 3467
8 85 4825
8 86 2643
8 87 4846
8 89 128
8 90 6330
8 91 2178
8 92 6686
8 93 4195
8 94 4342
8 95 5162
8 96 4062
8 97 6069
8 98 9077
9 1 6828
9 2 9492
9 3 5904
9 5 2371
9 6 3825
9 7 3609
9 8 4780
9 10 3267
9 11 779
9 12 9506
9 13 3225
9 15 2109
9 16 6587
9 17 7944
9 18 7816
9 19 2286
9 20 7680
9 21 6823
9 22 3222
9 23 4
9 24 3461
9 26 5930
9 27 4093
9 28 403
9 29 4944
9 32 3261
9 33 1518
9 35 1070
9 36 8696
9 37 3768
9 38 5247
9 39 9539
9 40 2393
9 42 7392
9 43 1998
9 44 4986
9 45 6085
9 46 7334
9 48 5549
9 49 5401
9 50 4805
9 51 2551
9 53 8586
9 54 7706
9 55 2007
9 56 8726
9 58 3272
9 61 4960
9 62 8532
9 63 2076
9 64 587
9 66 7276
9 68 1396
9 69 9239
9 70 6082
9 72 5228
9 73 2737
9 74 3875
9 75 5121
9 76 6446
9 78 8512
9 83 3164
9 85 7515
9 88 5366
9 89 987
9 91 478
9 92 1316
9 93 5601
9 94 3645
9 95 5858
9 96 7050
9 98 8721
9 99 4466
10 0 2720
10 2 3927
10 3 5680
10 4 7647
10 5 6984
10 7 1968
10 9 7800
10 10 6502
10 11 2956
10 12 847
10 13 2021
10 14 8504
10 16 1293
10 17 7881
10 18 797
10 19 5261
10 20 153
10 21 6351
10 22 5970
10 23 6269
10 24 6434
10 26 4829
10 28 6176
10 29 2191
10 30 7307
10 33 1519
10 34 3955
10 35 5949
10 39 4082
10 40 7350
10 41 3614
10 42 6219
10 43 1415
10 44 9639
10 45 2044
10 46 6576
10 47 5873
10 48 4800
10 49 4749
10 51 3462
10 52 2071
10 53 9030
10 54 1639
10 55 5569
10 57 1874
10 58 4955
10 59 4438
10 60 4556
10 61 5074
10 62 803
10 64 9496
10 66 7382
10 67 9948
10 68 5633
10 69 9325
10 70 7968
10 71 711
10 72 7660
10 76 6104
10 77 3451
10 78 3326
10 79 3905
10 80 9698
10 81 9742
10 82 3044
10 83 5296
10 84 8582
10 86 7928
10 87 5844
10 88 2182
10 89 5226
10 92 7826
10 93 4360
10 94 3081
10 95 8627
10 96 9810
10 97 9157
10 98 9905
10 99 445
11 0 6271
11 1 269
11 2 210
11 3 7970
11 4 4208
11 5 4316
11 7 6370
11 8 3946
11 10 6945
11 12 1438
11 14 7863
11 15 2047
11 17 5967
11 19 2850
11 20 8935
11 21 1507
11 22 4078
11 23 805
11 24 1657
11 25 3691
11 26 1380
11 27 219
11 28 7170
11 29 8937
11 32 9009
11 33 9549
11 34 2107
11 35 7729
11 36 6395
11 38 6315
11 39 7031
11 41 6987
11 42 604
11 43 7366
11 45 240
11 46 1356
11 47 9519
11 49 7455
11 50 6637
11 51 6212
11 52 1044
11 53 8384
11 54 8189
11 55 4115
11 56 3432
11 57 9370
11 60 5185
11 62 298
11 63 5364
11 64 2828
11 65 7304
11 66 8243
11 67 7554
11 68 2468
11 69 2494
11 70 8983
11 71 7044
11 72 2760
11 73 1515
11 74 6354
11 75 336
11 76 3257
11 77 5864
11 79 8466
11 80 5513
11 81 1037
11 83 7986
11 85 253
11 86 3042
11 87 9128
11 88 9509
11 90 4312
11 91 2170
11 92 1001
11 93 7505
11 94 3890
11 98 6417
11 99 3136
12 0 3213
12 1 4599
12 2 4476
12 4 4952
12 5 6678
12 6 1203
12 7 4140
12 8 8400
12 10 3418
12 11 5928
12 12 9762
12 13 3966
12 15 5137
12 16 2769
12 17 4661
12 18 1494
12 19 8972
12 20 4748
12 21 6138
12 22 7585
12 23 6599
12 24 456
12 25 4798
12 26 4078
12 27 6194
12 28 7686
12 29 6764
12 30 4930
12 31 7371
12 32 1622
12 33 2578
12 34 3414
12 35 2452
12 37 2754
12 39 1525
12 40 8767
12 41 9185
12 44 4126
12 45 3117
12 49 1475
12 50 8412
12 51 8498
12 52 7168
12 53 1257
12 56 8290
12 57 8149
12 58 5115
12 59 2061
12 61 3592
12 63 1605
12 64 6777
12 65 8359
12 66 8062
12 67 4643
12 69 2524
12 71 8895
12 72 9356
12 73 1323
12 75 1720
12 76 688
12 77 7952
12 78 8612
12 79 1968
12 82 8327
12 84 3966
12 85 3226
12 88 9510
12 89 5310
12 90 2263
12 91 6175
12 92 8232
12 94 6631
12 95 2857
12 96 7097
12 97 5472
12 99 3655
13 1 791
13 2 6141
13 3 2559
13 4 2783
13 7 9420
13 9 7079
13 10 6152
13 12 1274
13 13 6018
13 14 8632
13 15 3179
13 20 9385
13 21 4506
13 22 5216
13 23 9465
13 25 354
13 26 6695
13 29 9534
13 30 791
13 31 629
13 32 6766
13 33 4072
13 34 3857
13 35 7203
13 36 666
13 39 2169
13 40 7664
13 41 2806
13 42 7354
13 43 1784
13 44 9100
13 46 1872
13 49 3191
13 50 7494
13 51 3596
13 53 8274
13 54 8828
13 55 8695
13 56 4743
13 58 4944
13 60 2667
13 61 4122
13 62 2017
13 63 1038
13 64 4841
13 65 688
13 67 1318
13 68 554
13 69 6334
13 74 1668
13 76 5888
13 78 2660
13 82 6911
13 83 5977
13 87 9637
13 88 8088
13 89 9534
13 90 4833
13 91 7252
13 92 130
13 94 9141
13 95 7701
13 96 4458
13 97 5334
14 0 1913
14 1 7856
14 2 7507
14 3 9101
14 4 8521
14 5 6446
14 8 7649
14 9 77
14 10 4739
14 11 6529
14 12 2439
14 13 3694
14 14 1282
14 15 1182
14 16 6427
14 17 9709
14 18 3363
14 20 4265
14 21 1428
14 22 1242
14 24 1541
14 26 3208
14 27 5826
14 29 2509
14 31 1550
14 32 6286
14 34 4593
14 35 8175
14 36 8742
14 37 8497
14 38 8665
14 39 8514
14 41 7403
14 42 6272
14 43 389
14 44 9315
14 46 3551
14 47 6236
14 48 6539
14 49 9607
14 50 9658
14 51 7934
14 53 2484
14 56 8096
14 59 5141
14 60 5674
14 61 6816
14 62 7269
14 63 487
14 66 7760
14 67 8795
14 68 2395
14 69 4040
14 70 2269
14 72 7403
14 73 6036
14 74 6777
14 75 2946
14 76 8160
14 78 4670
14 79 3685
14 81 5746
14 82 2013
14 83 1249
14 85 3041
14 86 201
14 87 7937
14 88 3083
14 89 6141
14 90 8922
14 91 585
14 94 8766
14 96 1586
14 97 8653
14 98 7028
14 99 6234
15 0 3756
15 1 8217
15 3 2159
15 4 2775
15 5 8428
15 7 5305
15 8 2696
15 9 4734
15 10 9242
15 11 2422
15 12 4193
15 14 7611
15 17 3861
15 18 4353
15 19 9803
15 20 4738
15 22 994
15 23 8951
15 25 176
15 26 2902
15 27 1616
15 28 6769
15 29 8261
15 30 8208
15 31 3231
15 32 39
15 34 6009
15 35 4882
15 36 9916
15 38 7888
15 39 2330
15 40 4112
15 42 7833
15 43 5798
15 45 4411
15 46 7385
15 47 9838
15 48 8365
15 49 9318
15 50 477
15 51 894
15 52 543
15 54 72
15 55 6895
15 56 6125
15 59 559
15 61 7149
15 63 6817
15 65 9598
15 66 7222
15 67 5198
15 69 5234
15 70 2010
15 71 881
15 72 2634
15 73 7846
15 74 7351
15 76 4042
15 77 6240
15 78 1625
15 79 4907
15 81 285
15 82 2662
15 83 4105
15 85 7331
15 86 1859
15 88 8597
15 89 18
15 90 5727
15 91 610
15 92 9159
15 94 3795
15 97 8566
15 99 2122
16 0 7531
16 1 9291
16 3 4916
16 4 1750
16 5 6718
16 6 9343
16 7 6524
16 8 7637
16 9 8652
16 10 9064
16 11 9129
16 12 1224
16 13 613
16 14 7943
16 15 8086
16 17 9946
16 18 2242
16 21 5642
16 22 3453
16 23 1463
16 24 8251
16 25 6562
16 27 9270
16 28 2804
16 29 3108
16 31 3337
16 32 5776
16 34 2314
16 35 2179
16 36 6243
16 37 8476
16 39 8019
16 40 4754
16 41 3606
16 43 8804
16 44 3470
16 48 1489
16 49 7119
16 50 7592
16 51 9409
16 52 4917
16 54 7493
16 57 4230
16 58 4001
16 59 2366
16 61 6437
16 63 7918
16 64 4266
16 65 2235
16 66 9800
16 70 4775
16 71 8893
16 72 6566
16 73 4184
16 75 7184
16 76 5780
16 77 4745
16 78 7863
16 79 7162
16 80 6002
16 82 7745
16 83 7611
16 84 3969
16 85 3339
16 86 1644
16 87 8092
16 89 5282
16 90 6096
16 91 2197
16 93 3768
16 94 5354
16 95 8675
16 96 979
16 97 5736
16 99 6630
17 0 4713
17 1 8046
17 2 182
17 3 6270
17 4 6539
17 5 8913
17 7 7011
17 8 7662
17 9 8702
17 11 7899
17 12 450
17 13 2700
17 14 3978
17 15 3530
17 16 9514
17 17 4770
17 18 9233
17 19 830
17 20 6271
17 21 1552
17 22 4824
17 23 1339
17 25 6235
17 27 8632
17 30 5601
17 31 5668
17 33 2346
17 35 2725
17 38 2555
17 39 665
17 40 2899
17 41 576
17 42 9643
17 44 3922
17 46 242
17 47 1152
17 49 7802
17 50 8961
17 51 4864
17 52 1947
17 53 391
17 54 737
17 55 4622
17 57 8831
17 58 2907
17 59 7820
17 60 546
17 61 9537
17 62 7268
17 63 3648
17 65 3580
17 67 3736
17 68 611
17 69 5501
17 70 9790
17 72 9764
17 73 8947
17 74 6623
17 75 5485
17 76 6117
17 77 1780
17 80 2370
17 83 5265
17 84 2015
17 87 8473
17 89 4442
17 90 6802
17 91 6830
17 92 387
17 93 8142
17 94 4126
17 95 7357
17 96 4941
17 97 2827
17 98 5621
17 99 2028
18 0 1550
18 1 6752
18 2 4856
18 3 4166
18 4 1930
18 5 360
18 6 5244
18 7 6850
18 8 6283
18 9 5057
18 11 4074
18 15 5486
18 16 757
18 17 746
18 18 3757
18 19 5103
18 20 1525
18 21 1443
18 22 7541
18 23 2135
18 24 4270
18 25 6253
18 27 8091
18 28 919
18 29 5129
18 31 4352
18 32 1972
18 34 2146
18 35 8668
18 36 6854
18 38 6321
18 39 1015
18 41 8539
18 42 8900
18 44 7318
18 45 3159
18 46 4880
18 48 3996
18 50 1341
18 52 406
18 53 5918
18 54 5789
18 55 5256
18 58 6007
18 60 7448
18 62 8671
18 63 4075
18 64 5626
18 65 8528
18 68 8112
18 69 1787
18 71 8662
18 72 3385
18 73 62
18 74 1567
18 75 8115
18 76 9197
18 78 6442
18 79 2245
18 80 8035
18 82 6644
18 83 2969
18 84 9102
18 86 5635
18 89 3715
18 90 8565
18 91 5493
18 92 1570
18 93 2125
18 95 9167
18 96 4293
18 97 4953
18 98 8448
18 99 9289
19 0 978
19 1 8331
19 2 6271
19 3 2767
19 4 9279
19 5 8429
19 6 6400
19 7 5921
19 8 5283
19 9 736
19 11 4862
19 12 8707
19 13 4755
19 14 3373
19 15 8562
19 16 1928
19 17 4472
19 18 6338
19 19 5080
19 20 8381
19 21 3430
19 22 7578
19 23 417
19 24 544
19 25 2960
19 27 5645
19 28 2693
19 29 1401
19 30 670
19 31 3779
19 32 3202
19 33 5383
19 35 778
19 36 879
19 38 3015
19 39 3019
19 40 4786
19 41 422
19 42 8039
19 43 7906
19 44 4668
19 45 5626
19 46 9286
19 47 8486
19 48 2538
19 49 7558
19 50 6373
19 51 9387
19 52 8263
19 53 5416
19 54 7807
19 55 5657
19 56 4820
19 57 615
19 58 2960
19 59 1160
19 60 9761
19 61 4944
19 62 6917
19 63 7629
19 64 8122
19 66 5986
19 67 692
19 68 4919
19 69 1480
19 72 1137
19 73 2764
19 75 1561
19 76 8661
19 77 2554
19 78 773
19 79 3268
19 80 5612
19 82 7326
19 84 6521
19 85 5968
19 86 4365
19 87 4060
19 89 5208
19 90 7139
19 91 6620
19 96 5622
19 97 2720
19 98 4787
20 0 5117
20 1 3496
20 3 8762
20 4 6480
20 6 3676
20 7 8156
20 8 8123
20 10 1853
20 11 3146
20 12 8001
20 13 4874
20 15 4909
20 17 3540
20 18 3258
20 19 3231
20 20 7140
20 21 9709
20 22 4404
20 23 6073
20 25 9823
20 26 2210
20 27 7350
20 28 3244
20 29 7455
20 30 7907
20 31 9944
20 32 3685
20 33 5344
20 34 2702
20 35 912
20 36 7033
20 39 9231
20 40 7794
20 41 4274
20 42 7150
20 44 8946
20 46 5760
20 47 3007
20 48 3402
20 49 1314
20 50 8371
20 51 4298
20 52 7854
20 53 2624
20 54 676
20 55 8988
20 56 4608
20 57 1185
20 58 93
20 61 5636
20 62 9265
20 63 4115
20 64 55
20 65 3773
20 66 7033
20 67 219
20 68 4705
20 69 8788
20 70 9619
20 71 3179
20 72 5816
20 73 4655
20 75 5046
20 76 8238
20 78 8239
20 79 2339
20 80 2666
20 81 2876
20 82 8191
20 83 6473
20 84 1685
20 85 1697
20 87 3922
20 88 3423
20 90 920
20 91 7483
20 92 488
20 94 9054
20 95 5702
20 96 9489
20 98 4884
21 0 3865
21 1 986
21 2 2291
21 3 4011
21 4 3372
21 6 5031
21 7 8586
21 8 3539
21 9 3905
21 10 768
21 11 1444
21 12 2260
21 13 1731
21 14 4134
21 20 4405
21 21 3911
21 22 9744
21 24 7675
21 25 3608
21 27 4573
21 28 5945
21 29 8342
21 30 4936
21 32 2957
21 33 1171
21 34 9656
21 35 1973
21 36 5657
21 37 3774
21 38 7132
21 39 9183
21 40 4929
21 41 5613
21 42 962
21 43 5773
21 45 4601
21 46 406
21 47 5203
21 49 9343
21 51 8409
21 52 6682
21 53 8912
21 54 7839
21 57 7570
21 58 2504
21 59 6627
21 60 3919
21 62 4625
21 63 1370
21 64 579
21 65 612
21 66 1287
21 67 2980
21 68 3568
21 69 5447
21 70 4878
21 72 9159
21 73 7964
21 74 457
21 76 2125
21 78 5158
21 81 2722
21 82 9177
21 83 5809
21 84 4905
21 85 3601
21 86 3852
21 89 4776
21 91 8989
21 92 3191
21 94 7615
21 95 3955
21 97 2032
21 98 5019
21 99 3955
22 0 4647
22 1 3414
22 3 2302
22 5 2136
22 6 5324
22 8 3783
22 9 103
22 10 770
22 11 7940
22 12 2634
22 16 2
22 17 7119
22 19 1185
22 20 6696
22 22 8883
22 23 9284
22 24 826
22 26 6436
22 27 2499
22 28 6497
22 30 3454
22 31 8205
22 33 3096
22 34 5012
22 35 8952
22 36 2494
22 37 3745
22 38 5752
22 39 9274
22 40 7784
22 41 8248
22 43 9138
22 45 6681
22 46 4032
22 47 252
22 48 9873
22 49 1420
22 50 3707
22 52 6348
22 54 8994
22 55 640
22 56 6931
22 57 2328
22 58 8255
22 60 4029
22 61 744
22 62 9953
22 63 764
22 64 885
22 65 2456
22 67 4810
22 68 7408
22 69 1785
22 71 9087
22 74 2826
22 75 1179
22 76 1857
22 77 9005
22 78 8576
22 80 5678
22 81 1977
22 82 5000
22 83 5327
22 84 1082
22 85 2873
22 86 4511
22 88 5767
22 89 1392
22 90 5637
22 91 625
22 92 6578
22 93 7377
22 94 1232
22 95 3109
22 96 1362
22 97 1425
22 98 5974
22 99 7425
23 0 1997
23 1 8543
23 4 2520
23 5 3816
23 6 8811
23 8 6515
23 9 5209
23 11 6112
23 12 5275
23 13 8055
23 15 5888
23 16 946
23 17 1114
23 18 9118
23 19 2313
23 21 7108
23 22 7983
23 23 4705
23 24 6224
23 25 9835
23 26 8359
23 28 712
23 29 1420
23 30 3271
23 32 9316
23 33 3536
23 35 8767
23 36 4817
23 37 3013
23 38 5696
23 39 9323
23 41 3836
23 42 998
23 44 5915
23 45 7304
23 46 5621
23 47 3847
23 49 8178
23 50 696
23 51 3140
23 52 3418
23 53 6283
23 54 1544
23 55 9749
23 56 7559
23 57 585
23 58 3391
23 59 8089
23 61 4206
23 62 7024
23 63 7059
23 64 7486
23 65 2084
23 66 1739
23 69 4922
23 70 4744
23 71 740
23 72 9821
23 73 5271
23 74 2437
23 76 490
23 79 3569
23 80 7085
23 81 125
23 82 1200
23 83 7298
23 84 4304
23 85 1583
23 87 9360
23 90 5628
23 91 2865
23 93 1588
23 94 1433
23 95 9832
23 97 1989
24 0 3517
24 1 2679
24 2 7707
24 3 161
24 4 9281
24 6 9540
24 7 6074
24 8 8758
24 9 2072
24 10 813
24 11 9475
24 14 3337
24 15 1966
24 16 5570
24 18 914
24 19 9698
24 20 5559
24 22 9857
24 24 4567
24 25 7826
24 28 1364
24 30 1032
24 31 5100
24 32 7854
24 34 5060
24 36 71
24 37 9537
24 38 8972
24 39 3502
24 42 9789
24 43 5006
24 44 5131
24 45 1066
24 46 1077
24 48 3834
24 49 6389
24 50 6726
24 51 644
24 52 9907
24 53 91
24 54 4291
24 55 6269
24 56 6224
24 57 4372
24 58 51
24 59 7757
24 60 5482
24 62 9333
24 63 485
24 66 2257
24 67 8873
24 69 2177
24 71 2085
24 73 6798
24 74 566
24 75 3180
24 76 7604
24 77 4039
24 81 5640
24 83 920
24 84 9366
24 85 759
24 87 4678
24 89 6119
24 91 6171
24 92 6873
24 94 4313
24 95 8565
24 96 7292
24 97 5555
24 98 3996
24 99 165
25 2 2838
25 3 7079
25 4 4656
25 5 197
25 6 3571
25 7 1447
25 8 64
25 9 7314
25 11 181
25 12 3396
25 14 7317
25 16 3644
25 17 2360
25 18 3399
25 19 4685
25 22 8038
25 25 7880
25 26 4451
25 27 2230
25 28 8050
25 32 6187
25 33 6499
25 35 8756
25 36 2057
25 37 4415
25 38 6816
25 39 6385
25 40 1650
25 42 3849
25 43 4744
25 45 4131
25 46 8609
25 47 5688
25 48 5853
25 49 1583
25 52 9819
25 53 3037
25 54 2865
25 57 2271
25 59 3974
25 60 1945
25 61 3278
25 62 7575
25 63 1673
25 64 6642
25 65 6583
25 66 6114
25 68 8147
25 69 9249
25 70 3264
25 72 5603
25 73 5301
25 75 427
25 78 7348
25 79 8531
25 80 7704
25 81 3481
25 82 9502
25 83 584
25 86 4167
25 87 9247
25 90 5473
25 91 9305
25 94 9744
25 95 2950
25 96 3263
25 97 8564
25 98 8215
25 99 637
26 0 115
26 1 9211
26 3 851
26 4 4834
26 5 7365
26 7 70
26 8 5558
26 9 3617
26 12 5726
26 13 4672
26 14 9597
26 16 2418
26 17 6811
26 18 9016
26 19 6267
26 20 2122
26 21 2186
26 22 9889
26 23 5312
26 24 1100
26 25 3882
26 26 6387
26 27 2144
26 28 2373
26 29 7533
26 30 8766
26 31 4646
26 32 7255
26 33 3931
26 34 5547
26 35 2858
26 36 5894
26 38 2653
26 40 9452
26 41 7787
26 42 206
26 43 3684
26 44 9414
26 46 1053
26 47 7316
26 48 829
26 50 5313
26 51 3738
26 52 7708
26 53 121
26 54 3735
26 55 9373
26 56 7281
26 57 9189
26 60 694
26 62 2230
26 64 8946
26 65 9070
26 66 1833
26 67 8523
26 68 2593
26 70 5810
26 71 9117
26 72 3449
26 73 2878
26 74 4270
26 75 5445
26 76 4725
26 77 1408
26 78 4547
26 79 7042
26 80 5934
26 82 3775
26 87 7122
26 88 4130
26 89 3215
26 90 8384
26 91 5245
26 93 4290
26 94 1334
26 96 6843
26 97 3897
26 98 80
27 1 6114
27 2 4288
27 3 809
27 4 3816
27 5 9307
27 6 909
27 7 35
27 8 282
27 9 7446
27 11 581
27 12 1038
27 13 3008
27 14 3245
27 15 3040
27 16 6605
27 17 8876
27 18 3511
27 19 2042
27 20 2618
27 21 9799
27 22 9608
27 24 1683
27 25 8812
27 26 6989
27 27 4115
27 29 4648
27 30 2255
27 31 1098
27 32 3624
27 34 2226
27 35 5807
27 37 8424
27 38 7802
27 39 7751
27 40 3259
27 41 4793
27 46 8196
27 47 404
27 48 4293
27 49 474
27 50 1286
27 51 4674
27 52 6406
27 53 7013
27 54 5375
27 58 9884
27 60 4604
27 62 9215
27 64 1741
27 65 4982
27 66 4877
27 67 222
27 68 8574
27 69 55
27 70 4894
27 72 7518
27 75 2963
27 76 8927
27 77 7569
27 78 8527
27 79 2110
27 80 2224
27 81 4588
27 82 6718
27 84 6668
27 85 5211
27 88 510
27 89 2606
27 90 958
27 92 8643
27 93 9702
27 94 8934
27 95 6664
27 96 8733
27 97 7080
27 98 6130
27 99 4709
28 1 8346
28 2 3249
28 4 7487
28 5 1139
28 7 5972
28 8 7430
28 10 3041
28 11 6444
28 12 2387
28 13 8994
28 14 6758
28 16 6797
28 18 9940
28 19 5632
28 20 3636
28 23 8343
28 24 1999
28 25 4742
28 26 3598
28 27 1408
28 28 3432
28 29 4071
28 30 5316
28 31 430
28 32 7954
28 33 8803
28 34 502
28 35 6988
28 36 9777
28 38 6295
28 39 4751
28 40 7618
28 42 5361
28 43 5700
28 44 9333
28 45 4254
28 46 9004
28 47 5436
28 48 8805
28 52 4117
28 53 7321
28 54 6394
28 55 8051
28 56 457
28 58 588
28 59 8726
28 61 5766
28 62 5127
28 66 6386
28 67 5319
28 68 6119
28 69 1796
28 71 8506
28 72 5782
28 74 3552
28 75 5624
28 76 4545
28 77 7740
28 78 3602
28 79 565
28 80 1544
28 82 6553
28 83 1876
28 84 614
28 85 8386
28 86 336
28 87 8679
28 88 642
28 89 198
28 90 5636
28 91 2450
28 92 6469
28 94 3388
28 96 7761
28 97 7238
29 0 807
29 2 4122
29 3 8865
29 4 7179
29 5 365
29 7 3987
29 10 3162
29 12 7489
29 13 4378
29 14 2391
29 15 3632
29 18 654
29 20 7678
29 21 2576
29 22 6132
29 24 7323
29 25 2831
29 26 8823
29 27 4815
29 29 8218
29 30 9786
29 32 6958
29 33 5858
29 34 5945
29 38 8928
29 39 3396
29 41 4771
29 43 5692
29 45 4473
29 47 6374
29 49 8310
29 50 671
29 51 7498
29 52 609
29 53 4125
29 55 9125
29 56 3410
29 58 2782
29 59 8608
29 60 8230
29 61 3771
29 63 1359
29 64 8667
29 65 3299
29 66 3933
29 67 9871
29 68 5455
29 69 124
29 70 2874
29 71 9267
29 72 8053
29 76 5489
29 77 416
29 78 1927
29 79 4266
29 81 2659
29 82 9856
29 83 4519
29 84 421
29 85 7543
29 86 5276
29 88 7732
29 89 7516
29 93 5560
29 94 3742
29 95 7857
29 99 2995
30 0 423
30 1 5081
30 3 173
30 4 2042
30 5 572
30 6 4311
30 8 5145
30 9 9127
30 10 3787
30 12 9782
30 14 8436
30 15 108
30 16 5924
30 17 1090
30 20 6503
30 22 5646
30 23 9066
30 24 4409
30 25 5065
30 26 3156
30 27 7793
30 29 9633
30 30 682
30 31 1558
30 33 761
30 34 7262
30 36 8235
30 37 6683
30 41 3717
30 43 5897
30 44 9694
30 45 3763
30 46 8874
30 47 5233
30 48 1603
30 50 3184
30 51 1509
30 53 5877
30 54 9366
30 56 5533
30 57 3639
30 58 7705
30 59 9800
30 60 2527
30 61 9615
30 62 8218
30 63 9767
30 64 4324
30 65 4687
30 67 4524
30 69 8763
30 70 6461
30 71 2715
30 72 322
30 75 1799
30 76 457
30 77 8088
30 78 9970
30 79 9091
30 80 4786
30 81 3576
30 82 3361
30 84 8937
30 85 6017
30 86 853
30 87 7128
30 88 7205
30 89 7620
30 90 4393
30 94 801
30 95 9247
30 96 1800
30 97 1650
30 98 1628
30 99 8386
31 1 3308
31 2 1045
31 3 1518
31 6 5565
31 10 7344
31 11 2933
31 12 782
31 13 3231
31 14 6606
31 15 5562
31 16 2949
31 17 8629
31 18 4599
31 20 5829
31 22 8736
31 23 3611
31 24 4124
31 25 2909
31 26 690
31 30 1798
31 31 7479
31 32 9726
31 34 6526
31 35 4905
31 36 9553
31 37 8318
31 39 8236
31 40 5118
31 42 401
31 43 4087
31 44 9033
31 45 8052
31 46 6919
31 48 2359
31 49 9747
31 51 9252
31 52 873
31 53 5007
31 54 7938
31 56 7686
31 58 6637
31 59 7675
31 62 4661
31 64 7044
31 65 379
31 67 1643
31 68 2340
31 70 259
31 72 1545
31 73 6650
31 74 8891
31 75 7363
31 76 7657
31 77 8855
31 78 3019
31 79 2349
31 80 9778
31 81 4122
31 82 9116
31 84 7052
31 85 5952
31 86 6053
31 87 7452
31 88 1783
31 89 262
31 90 9752
31 93 722
31 94 8583
31 95 9598
31 96 2167
31 98 5794
32 2 7061
32 5 9923
32 6 942
32 7 1239
32 9 300
32 10 4335
32 11 3841
32 14 9983
32 15 534
32 16 7130
32 17 2713
32 18 8102
32 19 2972
32 20 4317
32 21 8123
32 22 2019
32 23 8258
32 24 3773
32 25 5179
32 27 2220
32 29 1048
32 30 4679
32 32 3038
32 33 5278
32 34 3170
32 35 3481
32 38 7982
32 40 7378
32 41 287
32 42 9999
32 43 9446
32 44 884
32 45 4323
32 46 971
32 47 3585
32 48 3608
32 49 3735
32 50 5314
32 51 5377
32 52 1779
32 53 1992
32 54 2103
32 55 3490
32 56 4746
32 57 1435
32 60 6310
32 61 5555
32 63 2383
32 64 1550
32 65 8016
32 66 804
32 67 955
32 68 1303
32 69 9633
32 70 705
32 72 9961
32 73 5758
32 74 1003
32 75 9505
32 76 3515
32 77 668
32 78 3307
32 80 912
32 83 4976
32 84 1857
32 85 9248
32 86 9702
32 87 5968
32 88 898
32 89 1317
32 90 6453
32 91 4676
32 93 8265
32 94 1094
32 96 4317
32 97 8117
32 98 8767
32 99 4056
33 0 8576
33 1 5502
33 2 7419
33 3 9657
33 4 9142
33 7 8442
33 8 5935
33 9 4360
33 10 7324
33 11 461
33 12 1782
33 13 7577
33 14 1796
33 17 6810
33 18 9020
33 19 8170
33 24 2712
33 27 8856
33 29 7974
33 30 6183
33 31 4615
33 32 8734
33 33 1758
33 34 6802
33 35 7957
33 36 5284
33 37 4870
33 39 3748
33 40 2404
33 42 2167
33 43 8817
33 45 6808
33 47 3222
33 48 3057
33 49 1940
33 50 5362
33 51 4833
33 53 206
33 54 2469
33 57 7923
33 58 7047
33 59 1307
33 60 8946
33 61 9178
33 62 3998
33 63 8537
33 64 4204
33 65 2316
33 66 9321
33 67 6759
33 71 307
33 72 9857
33 73 3999
33 74 668
33 78 9878
33 80 8500
33 82 7083
33 83 3948
33 85 6518
33 87 2056
33 89 707
33 90 6437
33 91 7437
33 92 3875
33 94 5742
33 97 7132
33 99 561
34 1 3502
34 2 1367
34 3 2111
34 4 3346
34 5 8973
34 6 9913
34 7 4831
34 8 9512
34 9 3239
34 11 970
34 12 5267
34 13 6406
34 14 2263
34 15 9995
34 16 932
34 18 7959
34 19 6360
34 20 3852
34 21 4684
34 22 957
34 23 4300
34 24 7730
34 25 1026
34 26 7436
34 27 7374
34 28 9874
34 29 5096
34 30 5320
34 31 6959
34 32 6986
34 33 9734
34 34 5019
34 35 9999
34 36 7160
34 37 6903
34 38 9592
34 39 6509
34 41 3991
34 42 7563
34 43 2451
34 44 1951
34 45 5200
34 46 6483
34 47 9778
34 48 9012
34 50 9704
34 52 5327
34 53 4590
34 54 6259
34 56 7453
34 57 2996
34 58 385
34 59 2399
34 60 2179
34 62 9452
34 63 7010
34 64 776
34 65 1058
34 67 9952
34 69 612
34 71 8296
34 72 9030
34 74 9832
34 75 1214
34 76 6705
34 77 8419
34 78 263
34 80 1417
34 81 6337
34 83 6019
34 84 6775
34 87 6090
34 89 7485
34 90 4229
34 93 1514
34 94 2673
34 96 8261
34 97 5962
34 98 409
34 99 7842
35 0 7850
35 1 1240
35 2 9856
35 6 2326
35 7 2589
35 8 5388
35 9 9758
35 11 6023
35 13 9779
35 14 4977
35 15 6006
35 17 6370
35 19 7379
35 20 9431
35 22 72
35 23 2051
35 25 8018
35 26 6824
35 28 6749
35 29 2462
35 31 8520
35 32 6321
35 33 8374
35 34 5030
35 35 1833
35 36 5666
35 37 5476
35 38 7753
35 40 1326
35 41 5946
35 42 1915
35 43 9681
35 44 4678
35 45 3661
35 47 4889
35 49 6939
35 50 3094
35 51 9180
35 52 3085
35 55 7687
35 56 9368
35 57 8126
35 58 7894
35 59 5095
35 60 4036
35 61 8879
35 62 2542
35 63 3298
35 64 3240
35 66 8160
35 67 1727
35 68 9938
35 69 8922
35 70 6155
35 73 3164
35 74 4715
35 75 3563
35 77 6352
35 78 2651
35 79 1584
35 80 3975
35 82 7094
35 83 5330
35 84 7263
35 85 68
35 86 3350
35 87 796
35 89 6160
35 90 8238
35 91 4844
35 94 9711
35 96 1211
35 97 5822
35 99 3884
36 0 8800
36 1 5755
36 2 535
36 3 753
36 4 8609
36 6 3429
36 7 4323
36 9 5774
36 11 9712
36 12 8416
36 13 4184
36 14 9308
36 16 3614
36 18 5160
36 19 6912
36 20 9874
36 22 3244
36 23 9234
36 24 7677
36 25 1992
36 26 9501
36 27 2617
36 28 1156
36 30 5798
36 31 3568
36 32 3548
36 33 4877
36 36 7874
36 38 8778
36 39 5586
36 41 554
36 42 1569
36 43 8346
36 44 1013
36 45 1268
36 46 5689
36 47 326
36 50 2458
36 51 6160
36 52 878
36 53 8458
36 54 879
36 55 3623
36 56 1464
36 58 2916
36 59 3493
36 62 6372
36 63 5537
36 64 9718
36 66 2851
36 67 1855
36 68 900
36 70 4652
36 72 3417
36 73 9872
36 74 8398
36 75 2448
36 76 2668
36 77 5645
36 78 365
36 81 6027
36 82 5973
36 84 2527
36 85 6758
36 86 2400
36 87 7315
36 88 8987
36 89 6279
36 90 2924
36 92 2988
36 94 4659
36 95 6176
36 96 1735
36 97 1544
36 99 2489
37 0 7312
37 3 7648
37 5 4528
37 6 5242
37 7 4573
37 8 4289
37 9 971
37 10 6455
37 11 1690
37 13 9432
37 15 9575
37 17 6273
37 19 3696
37 20 4642
37 21 465
37 23 6939
37 24 3687
37 25 2712
37 27 1649
37 28 3698
37 30 8140
37 32 3545
37 33 1344
37 34 9888
37 35 8099
37 37 7451
37 38 904
37 39 3986
37 40 1345
37 43 6183
37 44 5249
37 45 3145
37 46 106
37 47 8575
37 48 6532
37 49 7463
37 50 7129
37 52 29
37 53 6583
37 54 1528
37 55 5766
37 59 832
37 61 7307
37 62 1561
37 63 5381
37 64 8308
37 65 2094
37 68 909
37 70 6
37 71 4608
37 75 96
37 76 7704
37 77 6893
37 79 3149
37 80 7376
37 81 5353
37 82 6947
37 83 9808
37 85 5020
37 86 6835
37 87 9482
37 88 216
37 89 3040
37 90 2333
37 91 9498
37 92 4335
37 93 6642
37 94 7087
37 95 7944
37 97 8786
37 98 5075
37 99 2770
38 1 35
38 2 4762
38 3 8919
38 8 4383
38 9 9426
38 10 5967
38 15 5228
38 16 9239
38 17 2531
38 18 4440
38 19 2626
38 20 6547
38 21 7836
38 22 7371
38 23 3392
38 24 3770
38 25 4365
38 26 1801
38 28 7576
38 30 8349
38 31 439
38 32 3101
38 34 4138
38 35 6731
38 36 367
38 37 2410
38 38 8803
38 39 5486
38 40 612
38 41 3209
38 42 6651
38 43 4076
38 44 6851
38 45 8591
38 46 8583
38 48 3095
38 49 7973
38 51 7986
38 52 9038
38 53 4324
38 54 5988
38 55 1896
38 56 9359
38 59 2486
38 61 3871
38 62 640
38 63 6535
38 64 7633
38 66 9726
38 67 2502
38 70 1358
38 71 3085
38 72 7867
38 73 8035
38 74 4856
38 75 1709
38 76 9496
38 77 1416
38 78 5751
38 81 2128
38 83 9599
38 84 4057
38 86 5433
38 88 9771
38 89 7521
38 90 6606
38 91 4497
38 92 1210
38 93 7400
38 95 104
38 97 2155
39 0 7834
39 1 8799
39 2 2100
39 5 7839
39 7 1315
39 8 17
39 9 6498
39 11 4606
39 12 2896
39 13 5959
39 16 9443
39 17 5817
39 18 4608
39 19 7071
39 20 2125
39 21 4792
39 23 1800
39 24 3909
39 26 8989
39 28 929
39 29 991
39 30 1534
39 31 3097
39 32 6545
39 33 3135
39 34 8399
39 35 1569
39 36 6103
39 39 2982
39 40 6968
39 41 4084
39 42 2760
39 43 5728
39 45 3588
39 47 4117
39 51 520
39 52 3156
39 53 3388
39 54 4621
39 55 6436
39 56 6109
39 57 3932
39 58 1889
39 59 5141
39 60 9962
39 61 1931
39 62 6043
39 63 2260
39 65 4697
39 66 6934
39 67 3062
39 68 4287
39 69 8985
39 70 74
39 72 5768
39 73 7984
39 74 9434
39 75 4138
39 76 905
39 77 7538
39 78 9968
39 79 9981
39 80 6834
39 81 2240
39 82 4032
39 83 586
39 84 7357
39 85 6609
39 86 1358
39 87 6670
39 88 3556
39 90 1548
39 91 1602
39 92 3195
39 93 6859
39 94 6755
39 95 989
39 96 5865
39 97 6476
39 98 623
39 99 8438
40 0 3141
40 1 3811
40 2 2607
40 3 8614
40 4 4468
40 5 4888
40 6 2333
40 7 7750
40 8 9838
40 9 7126
40 10 4927
40 11 1556
40 12 9712
40 13 4957
40 15 3586
40 17 5366
40 18 5359
40 19 5653
40 20 6869
40 21 7544
40 22 7619
40 23 1879
40 24 7854
40 25 8276
40 26 3138
40 27 8683
40 28 8349
40 29 3466
40 31 371
40 32 6602
40 34 1355
40 35 7364
40 37 8844
40 38 5839
40 39 1795
40 42 722
40 43 4321
40 44 797
40 45 3272
40 46 4477
40 47 9152
40 48 8670
40 49 2547
40 50 1698
40 51 6648
40 52 506
40 53 5608
40 54 6314
40 55 3481
40 57 4078
40 58 4227
40 59 923
40 60 2274
40 63 2765
40 64 7949
40 65 7629
40 66 4813
40 68 6731
40 69 6217
40 70 8070
40 71 7043
40 72 690
40 73 9887
40 74 8103
40 75 7256
40 76 4623
40 77 2416
40 79 1289
40 82 7651
40 85 5927
40 87 963
40 90 1986
40 91 7609
40 92 326
40 93 7138
40 97 7509
40 98 3306
41 0 8494
41 3 4749
41 4 4677
41 5 45
41 6 3764
41 7 729
41 10 5835
41 11 9936
41 12 7604
41 15 8437
41 16 8289
41 19 5696
41 21 5644
41 22 9541
41 24 9044
41 25 1463
41 27 7315
41 28 6674
41 29 4744
41 31 5548
41 32 7051
41 33 3227
41 37 7841
41 38 8000
41 40 5597
41 41 7563
41 43 2719
41 44 4376
41 45 236
41 47 3069
41 48 3406
41 49 8772
41 50 7956
41 51 2948
41 53 248
41 56 8893
41 57 2488
41 58 6711
41 59 9081
41 60 9656
41 62 1598
41 63 4575
41 66 284
41 67 9154
41 68 3868
41 69 6699
41 70 708
41 71 3324
41 72 1655
41 73 5929
41 74 1457
41 75 447
41 76 1885
41 78 9015
41 80 8062
41 81 8146
41 82 1079
41 83 5964
41 84 9938
41 85 5144
41 86 1317
41 87 3732
41 88 4037
41 89 8007
41 90 5235
41 92 4057
41 93 6230
41 96 8146
41 99 8378
42 0 8998
42 2 1540
42 3 7717
42 4 4517
42 5 8980
42 7 7255
42 8 8554
42 9 25
42 10 9951
42 11 8167
42 12 8542
42 14 1591
42 15 7859
42 16 8008
42 17 585
42 20 4841
42 21 612
42 22 4921
42 23 6933
42 25 2502
42 26 8638
42 27 9508
42 28 3397
42 29 2269
42 30 7463
42 31 487
42 33 5082
42 34 7966
42 35 9841
42 36 5565
42 37 1610
42 38 3372
42 39 1869
42 40 9318
42 41 4453
42 42 4661
42 47 3276
42 48 4207
42 50 5328
42 52 5155
42 53 7380
42 54 4594
42 56 4245
42 58 2607
42 59 4376
42 61 8967
42 62 6396
42 63 7987
42 65 3454
42 67 725
42 69 6008
42 70 351
42 71 9136
42 72 9839
42 74 4095
42 75 3463
42 77 5979
42 78 4556
42 80 9634
42 81 3704
42 82 1643
42 83 1456
42 84 1120
42 85 1369
42 86 7657
42 88 7379
42 89 7734
42 93 8577
42 95 1158
42 96 1774
42 97 1990
42 98 2081
43 3 9360
43 4 2265
43 6 5983
43 7 3968
43 9 7159
43 12 1613
43 14 645
43 16 2826
43 17 3043
43 18 9264
43 19 7701
43 21 110
43 22 7168
43 24 2939
43 26 25
43 27 1164
43 28 7886
43 29 5121
43 30 5868
43 31 2112
43 32 6422
43 33 974
43 34 9484
43 35 4820
43 36 9018
43 37 7161
43 39 976
43 40 1420
43 41 2899
43 42 8320
43 43 3626
43 44 7075
43 46 7198
43 48 2087
43 49 3796
43 50 2734
43 51 5354
43 54 4925
43 55 9025
43 56 3861
43 57 1279
43 59 2558
43 60 2708
43 61 563
43 62 2262
43 63 7743
43 65 8465
43 66 4803
43 70 2326
43 71 279
43 72 2615
43 73 185
43 75 6347
43 76 6400
43 78 1136
43 79 6059
43 81 5771
43 83 3946
43 84 5909
43 85 2816
43 89 6740
43 90 9472
43 91 9566
43 92 3545
43 93 5202
43 94 8565
43 95 1154
43 96 3025
43 97 2696
43 98 964
43 99 5328
44 0 1701
44 1 9861
44 3 9530
44 4 8153
44 5 6711
44 6 7325
44 7 4894
44 8 4468
44 10 1584
44 11 9111
44 13 6739
44 14 7321
44 15 1983
44 16 9596
44 17 6447
44 18 6544
44 19 2541
44 20 8369
44 21 3894
44 24 660
44 26 8416
44 27 6196
44 29 9797
44 31 5158
44 32 5773
44 34 814
44 35 2428
44 36 3240
44 37 9433
44 38 9537
44 41 3360
44 43 2897
44 44 4956
44 46 1243
44 48 6815
44 51 4019
44 52 4567
44 55 5156
44 57 355
44 58 7844
44 59 2046
44 60 3881
44 61 3131
44 62 5014
44 64 1935
44 65 1128
44 66 8579
44 67 2601
44 68 1231
44 69 3845
44 70 7695
44 74 4759
44 75 9639
44 76 6331
44 77 1019
44 79 4635
44 80 4264
44 81 2318
44 83 5502
44 84 5811
44 85 5440
44 87 8448
44 88 4201
44 89 438
44 90 4870
44 92 1350
44 93 7685
44 94 218
44 96 687
44 97 439
44 98 182
45 1 9889
45 2 4419
45 3 4048
45 4 8405
45 5 2002
45 6 5928
45 7 5544
45 9 6006
45 10 3954
45 11 2726
45 12 3353
45 13 8503
45 15 9824
45 16 426
45 17 3096
45 18 1543
45 20 9676
45 22 3130
45 23 9433
45 24 6077
45 25 7393
45 27 8494
45 28 6055
45 29 8139
45 30 8911
45 31 258
45 32 6798
45 33 9079
45 34 6379
45 35 3760
45 36 5386
45 40 46
45 41 163
45 42 7703
45 43 6872
45 44 6227
45 47 2973
45 48 3100
45 51 5943
45 52 2062
45 53 3681
45 54 6133
45 55 5631
45 56 9032
45 57 6250
45 59 6502
45 60 3632
45 61 7336
45 62 4131
45 63 2296
45 64 5573
45 65 1307
45 67 7705
45 68 2494
45 69 5402
45 70 3037
45 71 4430
45 72 8665
45 73 593
45 74 8320
45 77 2916
45 79 7772
45 80 6604
45 81 9372
45 82 1765
45 83 9731
45 84 8020
45 86 828
45 87 2228
45 88 4409
45 89 8854
45 91 7882
45 92 4989
45 93 4680
45 94 8051
45 95 9419
45 96 6043
45 97 4864
45 98 7261
46 1 297
46 3 6481
46 4 6954
46 5 2836
46 9 4927
46 10 3796
46 11 7161
46 12 6046
46 13 5519
46 14 412
46 16 3440
46 17 7322
46 18 9734
46 19 8517
46 21 2632
46 22 2975
46 26 8949
46 27 4150
46 28 4491
46 29 4560
46 31 1065
46 32 841
46 33 281
46 34 697
46 36 9563
46 37 1308
46 38 3608
46 39 4307
46 40 2941
46 41 3279
46 42 9022
46 47 6466
46 48 517
46 49 4142
46 51 7452
46 55 15
46 56 9930
46 58 3856
46 59 9845
46 61 1375
46 62 2184
46 63 2487
46 67 6965
46 69 3592
46 72 7639
46 73 4276
46 74 2662
46 75 4144
46 76 6171
46 78 701
46 79 819
46 80 5874
46 81 3286
46 82 3180
46 84 9826
46 86 2120
46 87 1505
46 88 7863
46 89 8798
46 90 5180
46 92 2433
46 93 1995
46 97 967
46 99 9600
47 0 2848
47 1 8994
47 2 6859
47 3 3603
47 4 5495
47 5 2355
47 6 4888
47 7 1978
47 8 1819
47 10 7716
47 14 3897
47 15 4609
47 17 8087
47 18 6155
47 20 2622
47 22 2781
47 23 291
47 24 8266
47 25 5331
47 26 5529
47 27 2911
47 28 2592
47 29 9612
47 30 7739
47 31 701
47 32 5627
47 34 2418
47 36 8791
47 39 6725
47 40 3632
47 41 3385
47 43 3925
47 44 4413
47 45 6501
47 47 4651
47 48 8585
47 49 7792
47 52 3492
47 53 9316
47 54 1534
47 55 6543
47 56 5488
47 57 3926
47 58 6032
47 59 1082
47 62 5450
47 63 194
47 64 2589
47 65 9403
47 66 3254
47 72 9461
47 73 372
47 74 5917
47 75 5339
47 76 9041
47 77 9842
47 78 4347
47 79 3086
47 81 9240
47 82 5806
47 83 2591
47 84 218
47 87 1508
47 88 4979
47 89 1936
47 90 1222
47 95 5418
47 96 4616
47 97 9996
47 98 3684
48 0 3908
48 1 5413
48 2 2552
48 3 1348
48 5 1706
48 6 9986
48 7 59
48 8 1529
48 9 1237
48 10 4245
48 11 1471
48 16 7782
48 17 9996
48 18 3118
48 19 1335
48 20 171
48 21 3339
48 22 2746
48 23 2396
48 25 5875
48 26 3779
48 27 8609
48 28 8191
48 30 7231
48 31 6304
48 34 2911
48 35 6887
48 36 6469
48 37 9585
48 38 2626
48 40 8043
48 41 5766
48 42 875
48 44 3838
48 46 2470
48 47 4613
48 48 5786
48 50 9969
48 52 6452
48 53 3697
48 55 4040
48 56 1201
48 57 473
48 58 3060
48 60 812
48 61 1042
48 62 5361
48 63 3102
48 64 3636
48 66 8230
48 68 4897
48 69 5962
48 70 1817
48 72 1831
48 73 499
48 74 5663
48 75 6419
48 76 5577
48 77 6706
48 78 9231
48 79 3186
48 80 3263
48 81 3736
48 82 448
48 85 5387
48 86 9810
48 88 3291
48 89 6790
48 90 7206
48 91 7004
48 93 1143
48 94 770
48 96 6373
48 97 9118
48 98 5704
49 1 9291
49 2 5137
49 3 1667
49 5 7952
49 6 6424
49 7 1604
49 8 3599
49 9 3144
49 11 8701
49 12 8086
49 14 5517
49 15 8568
49 16 1951
49 17 3338
49 18 6419
49 22 1513
49 23 1017
49 24 5750
49 25 506
49 27 6700
49 28 602
49 31 8679
49 32 1794
49 33 4269
49 34 6194
49 35 6656
49 36 9511
49 37 2549
49 38 4193
49 39 7356
49 42 8128
49 43 8522
49 44 2115
49 45 3289
49 46 2107
49 50 2706
49 52 4158
49 53 5214
49 54 3770
49 55 8405
49 56 7625
49 57 5410
49 58 4052
49 59 6288
49 60 1121
49 61 7087
49 63 5139
49 64 9835
49 65 3068
49 66 7979
49 67 4919
49 69 7826
49 71 1994
49 73 6345
49 74 8809
49 75 9433
49 76 7506
49 77 5246
49 79 2676
49 80 3967
49 81 423
49 82 360
49 83 4715
49 85 4232
49 86 7180
49 87 9931
49 88 6758
49 90 9853
49 91 1343
49 92 1361
49 93 2917
49 94 5893
49 95 7012
49 97 706
49 98 401
49 99 648
50 1 7193
50 4 8051
50 5 2518
50 6 6390
50 7 2012
50 9 3139
50 10 6027
50 12 468
50 13 5377
50 14 5839
50 15 5673
50 16 8218
50 17 3976
50 18 985
50 19 6140
50 20 6983
50 21 8900
50 23 3488
50 24 5154
50 25 8514
50 26 8069
50 28 4186
50 29 3582
50 30 2030
50 32 907
50 33 2383
50 34 4965
50 35 637
50 36 8431
50 37 7641
50 38 2900
50 39 4014
50 40 9989
50 41 919
50 43 7003
50 44 2570
50 46 8759
50 47 3897
50 49 8161
50 50 3256
50 51 1743
50 52 666
50 53 422
50 54 3394
50 55 7654
50 56 7342
50 57 5157
50 59 4045
50 60 7934
50 61 2211
50 63 8331
50 65 7892
50 66 4729
50 67 6175
50 68 3939
50 69 2895
50 70 5769
50 71 7249
50 72 1534
50 75 9619
50 77 2212
50 79 7722
50 80 5268
50 83 9801
50 84 3822
50 85 1175
50 86 155
50 87 7358
50 88 7354
50 89 9245
50 90 3619
50 93 7047
50 94 8347
50 95 8152
50 97 3357
50 98 7470
50 99 5741
51 1 9738
51 3 748
51 4 2920
51 5 8261
51 6 2841
51 7 7141
51 8 5762
51 9 9504
51 10 5871
51 11 4591
51 13 6105
51 14 5502
51 15 8943
51 16 8578
51 17 6249
51 18 1254
51 19 4854
51 20 533
51 21 431
51 25 993
51 26 285
51 27 3284
51 29 1813
51 30 945
51 31 4215
51 32 7180
51 34 7528
51 35 9048
51 36 1324
51 38 8336
51 40 4352
51 41 7041
51 42 5300
51 43 6376
51 44 4814
51 45 4349
51 46 3047
51 47 2433
51 48 7754
51 49 1084
51 50 3320
51 51 5737
51 53 9097
51 54 8920
51 56 8987
51 57 8045
51 60 5719
51 62 1183
51 65 5408
51 66 8588
51 67 8283
51 68 3997
51 69 9165
51 70 1034
51 71 8226
51 72 5673
51 73 8484
51 74 3992
51 75 8790
51 76 1961
51 77 7853
51 79 3926
51 80 7830
51 83 7200
51 84 3517
51 89 2617
51 90 3919
51 91 5270
51 92 6417
51 94 2194
51 96 4969
51 98 2483
51 99 636
52 0 5244
52 2 4384
52 3 8528
52 4 1090
52 5 5148
52 7 4999
52 8 8418
52 10 1018
52 12 7352
52 14 3457
52 15 8388
52 16 781
52 17 3109
52 19 483
52 21 2420
52 23 5438
52 25 5025
52 26 7382
52 27 5850
52 28 260
52 29 1533
52 31 2993
52 32 2753
52 34 2332
52 35 2816
52 36 2202
52 37 2
52 38 9889
52 39 753
52 40 7066
52 42 4163
52 44 1619
52 45 372
52 46 8829
52 47 4544
52 48 3605
52 50 1342
52 51 8429
52 52 7312
52 54 2106
52 55 3772
52 58 9237
52 59 2817
52 60 3663
52 61 8599
52 62 9740
52 63 3645
52 65 6529
52 66 392
52 67 5227
52 68 383
52 69 588
52 70 9110
52 71 8151
52 72 8306
52 73 6529
52 75 3249
52 76 6983
52 77 6459
52 78 3345
52 79 8170
52 82 2400
52 85 5856
52 86 4062
52 87 6911
52 88 2340
52 90 2750
52 91 3055
52 93 3550
52 96 4340
52 98 8922
53 0 8721
53 4 1915
53 5 7352
53 7 8445
53 8 2929
53 9 9262
53 10 586
53 11 5059
53 12 3598
53 13 414
53 15 1505
53 16 7170
53 18 678
53 19 9504
53 20 3399
53 21 7723
53 23 3765
53 25 1271
53 27 6930
53 29 7225
53 30 5088
53 31 5483
53 32 4353
53 34 4214
53 35 7310
53 36 214
53 38 9861
53 39 6667
53 40 4351
53 41 564
53 42 2274
53 44 4609
53 45 2147
53 46 3399
53 48 3401
53 49 9824
53 50 2585
53 51 5349
53 54 9456
53 55 1347
53 56 523
53 57 9303
53 58 2871
53 59 2397
53 60 1349
53 61 1415
53 62 5418
53 63 327
53 64 2091
53 65 9113
53 66 2283
53 68 7746
53 69 4804
53 70 4179
53 71 5923
53 73 1883
53 74 9814
53 75 4841
53 76 5344
53 77 1320
53 79 103
53 81 2164
53 82 8000
53 83 2557
53 85 6118
53 86 4113
53 87 7328
53 88 1405
53 89 9556
53 90 8705
53 91 6577
53 92 2841
53 93 8705
53 94 7498
53 95 4131
53 96 9166
53 97 3678
53 98 5535
53 99 2124
54 1 3938
54 2 5575
54 3 6713
54 4 5566
54 5 6758
54 6 7123
54 7 8784
54 8 6451
54 9 7828
54 10 9526
54 11 8364
54 12 1889
54 14 9672
54 15 5000
54 16 4314
54 19 5573
54 21 507
54 22 8081
54 24 6775
54 27 7939
54 28 1837
54 30 9214
54 31 7664
54 32 4184
54 33 8389
54 34 766
54 35 3004
54 36 5691
54 37 7299
54 41 2765
54 42 4317
54 43 8316
54 45 5779
54 48 5143
54 49 3094
54 50 3225
54 51 716
54 54 4054
54 55 8284
54 57 3640
54 58 4996
54 60 2167
54 61 7371
54 63 6053
54 65 6371
54 66 587
54 67 2015
54 68 8567
54 69 359
54 73 4409
54 74 8700
54 75 6756
54 77 3625
54 78 511
54 80 2010
54 81 9312
54 83 7907
54 84 3867
54 85 7443
54 86 2616
54 88 4589
54 89 7907
54 91 1220
54 92 5312
54 95 8258
54 97 7355
54 98 502
55 0 9159
55 1 1727
55 2 4683
55 3 1685
55 4 7384
55 5 3497
55 6 1103
55 7 3330
55 8 5876
55 9 1251
55 10 8402
55 11 7069
55 13 2333
55 14 320
55 16 3434
55 17 7382
55 18 2720
55 21 4546
55 22 9120
55 24 6755
55 26 4050
55 28 9492
55 30 25
55 32 8623
55 33 8998
55 34 7249
55 35 217
55 36 2467
55 37 7781
55 38 5500
55 39 1022
55 40 8296
55 41 2794
55 42 2194
55 45 137
55 48 483
55 49 9251
55 50 1551
55 51 114
55 52 9832
55 53 971
55 54 9088
55 55 8831
55 56 7719
55 58 470
55 59 7805
55 60 9354
55 62 2469
55 63 4802
55 64 7167
55 65 2472
55 67 7317
55 68 3854
55 69 7133
55 70 1375
55 71 7380
55 73 4835
55 74 4064
55 76 5206
55 77 3319
55 78 8175
55 79 8197
55 80 9506
55 82 2274
55 83 1414
55 85 9602
55 86 1088
55 87 6210
55 88 4016
55 90 4723
55 91 2342
55 92 1529
55 93 8378
55 94 9050
55 95 5116
55 96 7257
55 97 7391
55 98 7212
56 0 3244
56 2 6453
56 3 8295
56 4 2895
56 6 9551
56 7 2431
56 8 1143
56 9 7012
56 10 6483
56 13 5413
56 14 5706
56 15 3923
56 17 9133
56 18 404
56 19 925
56 21 6817
56 22 7184
56 23 2067
56 24 7329
56 25 1247
56 26 9826
56 27 1998
56 28 5088
56 30 4652
56 32 3826
56 36 7715
56 39 4052
56 42 6894
56 43 1411
56 44 6835
56 46 2570
56 47 804
56 48 7620
56 49 3211
56 50 3849
56 51 534
56 52 8097
56 53 2188
56 54 8800
56 55 4860
56 56 6437
56 58 5671
56 59 5758
56 60 2448
56 62 3117
56 63 2609
56 64 1532
56 66 7162
56 67 9363
56 68 4959
56 69 2895
56 70 5039
56 71 153
56 72 3741
56 73 5290
56 74 6611
56 75 4169
56 76 6964
56 77 1428
56 78 4504
56 80 6624
56 83 1690
56 84 6713
56 85 7772
56 86 7641
56 87 3260
56 88 1680
56 89 1142
56 91 4045
56 92 6566
56 93 3807
56 95 5937
56 97 6969
56 98 805
56 99 1289
57 1 474
57 2 3043
57 3 3291
57 4 4817
57 5 2355
57 6 9896
57 8 5599
57 9 7125
57 10 6095
57 16 2128
57 17 5490
57 18 1454
57 19 1408
57 20 954
57 21 5183
57 22 8843
57 23 6898
57 25 5528
57 26 7201
57 27 9367
57 28 5116
57 29 1517
57 31 1864
57 32 7666
57 34 7111
57 36 4594
57 37 4378
57 38 6431
57 39 9717
57 41 8969
57 42 8760
57 43 6192
57 45 2213
57 46 4659
57 47 9496
57 50 9245
57 52 2493
57 53 5853
57 54 7660
57 55 2358
57 56 7052
57 58 902
57 61 2705
57 63 8314
57 64 4466
57 65 1121
57 66 8827
57 67 9317
57 68 6976
57 69 1437
57 71 4112
57 72 2536
57 73 3618
57 74 5155
57 75 7797
57 76 7564
57 77 2044
57 78 6275
57 79 6207
57 81 9448
57 82 9480
57 83 5199
57 84 1458
57 86 3271
57 87 2345
57 89 4552
57 90 65
57 91 5471
57 92 9166
57 93 9243
57 96 426
57 97 5425
57 98 8268
57 99 3141
58 0 4240
58 1 5029
58 2 3450
58 3 2818
58 4 2742
58 5 3263
58 6 7765
58 7 802
58 8 7978
58 9 4003
58 10 860
58 11 6762
58 12 9042
58 13 8945
58 14 188
58 15 356
58 16 8780
58 17 3847
58 20 1973
58 21 2568
58 22 5718
58 23 21
58 24 8986
58 25 2322
58 28 2007
58 30 8981
58 31 3557
58 32 9000
58 33 6535
58 34 5773
58 35 561
58 36 2985
58 37 3331
58 38 6921
58 39 6695
58 41 9380
58 42 7235
58 43 2267
58 44 7846
58 45 9071
58 46 5365
58 47 2670
58 50 8188
58 51 499
58 54 5193
58 55 4410
58 57 528
58 58 2452
58 60 9942
58 61 5741
58 62 2735
58 64 6083
58 65 4998
58 66 3940
58 67 240
58 68 8437
58 70 6565
58 71 6027
58 73 6266
58 74 1019
58 75 8269
58 79 5660
58 80 7056
58 81 5734
58 83 1826
58 84 9524
58 85 957
58 86 9608
58 87 9334
58 88 1380
58 89 3163
58 90 9971
58 91 7953
58 92 5591
58 94 3077
58 95 4415
58 96 421
58 98 9835
58 99 9448
59 0 1281
59 1 2515
59 2 9573
59 3 2927
59 4 7441
59 6 2989
59 8 6882
59 9 3032
59 11 7233
59 12 800
59 13 6688
59 14 1223
59 15 6413
59 16 3776
59 18 4941
59 20 2404
59 21 162
59 22 489
59 24 6052
59 25 4982
59 26 2472
59 27 6152
59 28 3035
59 31 7568
59 35 9115
59 37 4679
59 38 5924
59 39 7507
59 40 944
59 41 1419
59 42 7890
59 43 5316
59 44 9657
59 45 6588
59 46 8534
59 47 8908
59 48 9914
59 49 9988
59 51 2807
59 52 9487
59 54 5350
59 56 5221
59 58 9929
59 59 985
59 60 1179
59 65 884
59 67 5143
59 70 8146
59 71 4245
59 74 6222
59 77 6489
59 79 8202
59 80 6725
59 82 8648
59 83 9141
59 84 194
59 85 3913
59 86 5782
59 88 5309
59 89 113
59 92 3719
59 93 5863
59 94 1448
59 95 3844
59 96 3692
59 97 3616
59 98 9779
60 0 8843
60 1 8390
60 2 97
60 4 287
60 5 1953
60 6 9048
60 9 157
60 10 4642
60 11 4675
60 13 4562
60 14 470
60 18 2821
60 19 5529
60 20 1770
60 21 6072
60 22 4820
60 23 7099
60 24 2893
60 25 7950
60 26 3640
60 28 7886
60 29 5285
60 31 3507
60 32 2059
60 34 1557
60 36 9566
60 37 4084
60 38 6917
60 39 3642
60 40 2063
60 42 2092
60 43 2975
60 44 9861
60 45 6057
60 47 3681
60 48 5457
60 50 5555
60 51 9527
60 52 6408
60 53 4219
60 55 2508
60 56 2639
60 57 1821
60 58 9669
60 59 4916
60 60 1789
60 61 8313
60 63 6636
60 64 8630
60 65 6913
60 66 483
60 67 9408
60 68 4316
60 69 3065
60 70 660
60 71 7196
60 72 422
60 73 4800
60 74 8376
60 75 9272
60 77 4790
60 79 6531
60 80 411
60 82 3287
60 84 5460
60 87 8967
60 88 3777
60 89 4363
60 90 4015
60 91 6571
60 92 9826
60 93 2011
60 95 6870
60 96 1846
61 1 5072
61 3 5505
61 4 6627
61 5 1080
61 6 8880
61 7 690
61 8 7156
61 9 1063
61 10 5552
61 11 4941
61 12 9966
61 15 7398
61 16 2766
61 17 250
61 18 331
61 19 3005
61 20 6982
61 21 721
61 24 2226
61 25 905
61 27 1623
61 30 1385
61 33 2270
61 34 9664
61 37 1261
61 38 1246
61 39 167
61 40 1718
61 41 7221
61 42 8974
61 44 2732
61 45 2506
61 46 6847
61 48 6640
61 51 8284
61 52 3399
61 53 2224
61 55 2868
61 56 4236
61 57 138
61 58 3805
61 59 9199
61 60 6877
61 61 5535
61 62 1701
61 64 3055
61 66 46
61 67 1445
61 68 6053
61 69 2634
61 70 3634
61 71 1329
61 72 6081
61 73 5690
61 75 3561
61 76 3203
61 77 7658
61 80 3985
61 81 926
61 82 7456
61 83 1343
61 84 3900
61 86 3189
61 87 6495
61 88 2180
61 89 1525
61 90 6065
61 91 4459
61 94 6628
61 96 2575
61 97 9376
61 98 5368
61 99 5146
62 0 5470
62 4 4374
62 6 9681
62 8 6932
62 9 1418
62 14 8981
62 17 8062
62 18 6386
62 20 349
62 21 6522
62 24 5267
62 26 7092
62 27 2024
62 28 4852
62 29 3201
62 32 5968
62 33 7166
62 34 2520
62 35 5975
62 36 1029
62 37 8985
62 38 2671
62 39 4644
62 40 5639
62 41 9278
62 42 1511
62 43 4590
62 45 1700
62 49 2582
62 50 1158
62 53 9070
62 54 6147
62 56 9022
62 57 5646
62 58 9339
62 59 6782
62 60 8910
62 61 7388
62 62 2631
62 63 8368
62 66 7688
62 68 2615
62 69 573
62 71 2293
62 73 7813
62 74 2356
62 76 5484
62 77 2103
62 78 1228
62 79 9659
62 80 4708
62 81 6322
62 82 6169
62 83 6261
62 88 288
62 89 5274
62 90 310
62 91 4317
62 92 420
62 93 3520
62 94 1935
62 95 5055
62 96 502
62 97 999
62 98 4737
63 1 8675
63 2 1587
63 3 1641
63 4 6335
63 5 2015
63 7 5893
63 8 544
63 9 3877
63 10 3556
63 11 1633
63 12 677
63 13 5380
63 14 5119
63 17 8790
63 18 5990
63 20 6899
63 21 7631
63 22 3757
63 23 5470
63 24 1078
63 25 1658
63 26 2631
63 29 6639
63 30 4294
63 31 3341
63 32 7221
63 33 3689
63 34 895
63 35 5254
63 36 8901
63 38 6698
63 41 8670
63 43 9949
63 44 8896
63 45 1008
63 47 8946
63 49 4882
63 51 6265
63 52 6456
63 53 2133
63 55 7877
63 56 3175
63 58 3766
63 59 4459
63 60 470
63 61 836
63 62 3750
63 63 6779
63 64 6963
63 65 6584
63 66 608
63 67 1133
63 68 8386
63 70 5359
63 71 337
63 72 2940
63 73 1155
63 74 774
63 75 4910
63 76 811
63 78 7130
63 79 1354
63 80 5220
63 81 6769
63 83 8788
63 85 1701
63 86 2616
63 88 1277
63 90 2478
63 93 9342
63 94 6199
63 95 4363
63 96 6192
63 97 3160
63 99 6257
64 2 9891
64 3 7281
64 5 1780
64 6 5199
64 7 4298
64 8 5794
64 9 8312
64 10 2101
64 11 8656
64 12 28
64 14 3496
64 16 7215
64 17 1407
64 18 7333
64 19 6884
64 20 628
64 23 4065
64 24 2707
64 26 6154
64 28 7986
64 29 2003
64 30 8121
64 31 5404
64 32 9402
64 33 10000
64 34 5896
64 35 735
64 37 1535
64 38 8590
64 39 294
64 40 8149
64 41 3275
64 42 9058
64 43 6682
64 44 8300
64 45 6155
64 46 1343
64 48 1285
64 49 5251
64 50 6719
64 51 1851
64 53 959
64 54 3065
64 56 4209
64 57 8791
64 58 535
64 59 2970
64 60 2764
64 61 6707
64 62 6837
64 63 654
64 64 7442
64 65 9777
64 66 5795
64 67 6552
64 68 4625
64 70 3494
64 71 5520
64 72 8985
64 73 3510
64 75 266
64 76 4092
64 78 2156
64 79 7868
64 80 6909
64 81 9656
64 82 8773
64 83 9242
64 84 9288
64 85 9522
64 86 5300
64 87 7712
64 89 9916
64 91 7580
64 92 5903
64 93 3731
64 94 3390
64 98 4941
64 99 4490
65 1 5517
65 2 6825
65 3 2477
65 4 65
65 5 8612
65 7 9213
65 8 9845
65 9 6658
65 10 4247
65 11 970
65 14 5772
65 15 5266
65 17 7674
65 19 1567
65 20 5271
65 21 7560
65 22 6554
65 24 6027
65 26 9644
65 27 8423
65 28 532
65 30 7354
65 32 3321
65 33 8490
65 34 3649
65 35 9055
65 36 1593
65 38 6683
65 39 7460
65 40 2406
65 41 1798
65 43 3376
65 44 3998
65 45 9528
65 46 8990
65 48 7441
65 49 4880
65 50 444
65 52 8875
65 53 2488
65 54 6404
65 56 5007
65 58 6934
65 60 8623
65 61 7498
65 62 4695
65 64 3620
65 66 5693
65 68 2263
65 70 2680
65 72 3393
65 73 9740
65 74 1270
65 76 5711
65 77 453
65 78 8032
65 80 3810
65 81 6274
65 82 4535
65 83 4118
65 84 3285
65 85 5598
65 87 6812
65 88 7711
65 90 1794
65 92 3066
65 94 4884
65 97 9712
65 99 5183
66 0 9419
66 1 6945
66 3 4855
66 4 6601
66 6 867
66 7 9483
66 8 9928
66 10 830
66 11 7144
66 12 838
66 13 6254
66 14 9765
66 15 4337
66 17 6907
66 18 4752
66 19 2195
66 21 9626
66 22 7645
66 23 8174
66 24 9447
66 25 1359
66 26 3572
66 27 5409
66 28 282
66 29 2971
66 32 2771
66 34 8673
66 35 4162
66 36 6971
66 37 3543
66 38 7100
66 39 8762
66 41 1237
66 44 5640
66 46 3019
66 47 8038
66 48 4325
66 49 7872
66 50 5623
66 51 7610
66 55 7957
66 56 4488
66 57 3630
66 59 8059
66 60 6199
66 61 3457
66 62 6016
66 63 6185
66 65 2040
66 66 5584
66 67 393
66 68 7354
66 69 4104
66 70 7995
66 73 1615
66 74 1835
66 77 7055
66 78 4817
66 80 8296
66 82 737
66 83 9651
66 85 6605
66 86 6135
66 87 6236
66 88 7120
66 90 8926
66 91 3495
66 92 1623
66 93 9467
66 94 2609
66 95 6792
66 96 358
66 97 7439
66 98 8679
66 99 5442
67 0 2470
67 2 5358
67 3 7843
67 5 7786
67 7 9826
67 8 3608
67 9 8581
67 11 8722
67 13 8387
67 14 7511
67 16 4434
67 18 879
67 19 9766
67 21 8113
67 22 6937
67 27 8692
67 28 4058
67 29 7384
67 30 6357
67 32 9973
67 34 9146
67 36 5201
67 38 1372
67 39 4565
67 40 4744
67 42 5625
67 43 767
67 45 3744
67 46 1940
67 47 5957
67 49 4204
67 50 7584
67 51 9740
67 53 9661
67 58 1354
67 59 1548
67 60 848
67 62 2187
67 63 9665
67 64 3676
67 66 6050
67 67 8081
67 69 4483
67 70 1864
67 71 8836
67 72 775
67 73 7365
67 74 5507
67 76 5539
67 77 2458
67 78 550
67 79 3168
67 80 8947
67 81 2214
67 82 8062
67 83 9516
67 87 2941
67 88 1585
67 89 5276
67 91 567
67 92 4316
67 93 1106
67 95 9696
67 96 6630
67 97 7276
67 99 7891
68 0 2590
68 1 1979
68 2 9282
68 3 9334
68 4 7299
68 5 5021
68 6 2815
68 7 7961
68 8 7722
68 9 5619
68 10 5091
68 15 5774
68 16 958
68 19 7850
68 21 5599
68 23 9684
68 24 1207
68 26 2546
68 27 7788
68 28 6318
68 29 9556
68 30 4269
68 31 3612
68 33 7755
68 34 5285
68 36 5139
68 37 2350
68 38 997
68 39 4391
68 41 2447
68 42 6753
68 44 9152
68 45 5524
68 46 7097
68 50 6962
68 51 6339
68 52 5140
68 53 5186
68 54 2223
68 57 6287
68 58 6229
68 59 7021
68 60 9450
68 61 7324
68 65 6200
68 66 8083
68 67 8539
68 68 2496
68 69 7067
68 70 7442
68 72 3017
68 73 5356
68 74 9105
68 75 9638
68 76 3405
68 77 5681
68 79 4794
68 80 7648
68 81 2038
68 82 6329
68 83 1514
68 86 1604
68 87 2324
68 88 8656
68 89 192
68 91 8597
68 93 6576
68 94 888
68 96 1115
68 97 6978
68 98 6117
68 99 6464
69 0 8383
69 2 3633
69 5 445
69 6 5741
69 7 324
69 8 4512
69 9 6605
69 10 6287
69 11 3994
69 12 8995
69 13 5139
69 14 8788
69 15 5320
69 17 4184
69 19 3426
69 20 4109
69 21 1503
69 22 9369
69 23 8332
69 24 2335
69 26 7836
69 27 2386
69 29 2380
69 30 2989
69 31 6480
69 32 6600
69 34 3639
69 35 8158
69 36 698
69 37 6710
69 38 4725
69 41 8068
69 42 369
69 44 6679
69 45 8428
69 46 3430
69 47 1946
69 48 9436
69 49 2611
69 50 9654
69 51 4398
69 53 2053
69 54 8935
69 55 6943
69 57 9376
69 60 9267
69 61 2465
69 62 7700
69 63 9603
69 65 1613
69 67 1897
69 68 1600
69 69 3806
69 70 4851
69 71 6382
69 72 7748
69 73 531
69 75 5474
69 76 7547
69 77 767
69 78 499
69 79 6897
69 80 5620
69 81 5343
69 83 8160
69 84 4402
69 85 1910
69 86 4581
69 88 9030
69 89 9146
69 90 1087
69 93 9429
69 94 392
69 95 4598
69 96 6376
69 97 1136
69 98 9289
69 99 5463
70 0 4215
70 1 4060
70 2 1054
70 3 9733
70 4 3269
70 6 629
70 7 1565
70 10 9885
70 11 2824
70 13 9460
70 14 7815
70 15 4980
70 16 310
70 17 6494
70 18 5581
70 21 1069
70 22 694
70 23 1386
70 24 1870
70 25 1169
70 27 3960
70 28 4779
70 29 2890
70 31 4481
70 32 1596
70 33 2008
70 34 7036
70 35 7994
70 37 7993
70 38 1968
70 39 2868
70 40 8031
70 41 8489
70 42 1552
70 43 5208
70 44 26
70 45 5972
70 47 1257
70 48 5649
70 49 2394
70 50 3564
70 51 1775
70 52 9450
70 53 6618
70 54 9521
70 55 7932
70 56 4516
70 58 4323
70 59 4846
70 60 8840
70 61 4842
70 63 7617
70 64 165
70 65 9766
70 66 9848
70 67 6110
70 70 4713
70 71 4809
70 72 8925
70 73 396
70 75 3619
70 79 9206
70 80 5639
70 81 7427
70 82 2722
70 84 3218
70 85 1734
70 86 7067
70 87 600
70 88 6885
70 89 3477
70 92 7157
70 94 8730
70 95 5191
70 96 1644
70 97 6424
70 99 9731
71 0 5174
71 1 7689
71 2 3270
71 3 8617
71 4 7278
71 6 9094
71 7 9989
71 8 7786
71 9 5906
71 10 3237
71 11 269
71 12 7046
71 14 1018
71 16 4250
71 17 7170
71 20 4180
71 22 5619
71 23 1339
71 24 8208
71 25 5269
71 26 1799
71 27 4242
71 28 6547
71 31 4166
71 32 305
71 33 6991
71 35 1821
71 36 1745
71 38 8100
71 39 8716
71 41 1506
71 42 5535
71 43 263
71 44 9613
71 45 1239
71 49 8552
71 50 7395
71 52 6021
71 53 233
71 54 9643
71 55 6432
71 57 2712
71 58 5061
71 60 4231
71 61 2942
71 63 7542
71 64 6416
71 65 6841
71 67 4881
71 68 2584
71 69 9560
71 70 4861
71 71 5825
71 72 5057
71 73 2186
71 75 837
71 76 7893
71 77 8740
71 79 1736
71 84 6786
71 85 8813
71 87 2912
71 88 957
71 90 1188
71 91 3029
71 92 7247
71 93 9443
71 95 3161
71 97 4831
71 98 7713
71 99 9660
72 1 6178
72 2 8856
72 3 5706
72 4 5440
72 5 1385
72 6 3856
72 7 8667
72 8 9011
72 11 1280
72 13 5055
72 14 121
72 15 2323
72 16 1759
72 17 1004
72 18 344
72 19 4516
72 20 7177
72 21 676
72 23 8155
72 25 1362
72 26 6915
72 27 4886
72 28 3375
72 29 1535
72 32 3050
72 34 4196
72 36 901
72 38 7280
72 39 4719
72 40 7714
72 41 7951
72 42 1157
72 43 5895
72 44 9681
72 45 5504
72 46 5794
72 47 2326
72 48 7720
72 49 4048
72 52 8419
72 53 9516
72 54 3172
72 55 3075
72 56 4703
72 59 2819
72 60 3007
72 63 9441
72 64 9256
72 70 7768
72 71 1711
72 72 7506
72 73 5499
72 74 2436
72 75 9913
72 77 1945
72 78 3505
72 79 7584
72 80 6213
72 82 6733
72 83 3640
72 84 5797
72 85 2562
72 88 2935
72 89 32
72 90 3180
72 92 8023
72 93 6469
72 95 297
72 96 5541
72 97 393
72 99 3660
73 1 8598
73 2 8607
73 5 9574
73 8 5479
73 9 5488
73 10 9262
73 11 3173
73 12 8314
73 13 6535
73 14 3438
73 15 3144
73 17 649
73 18 2822
73 19 5990
73 20 5454
73 21 673
73 22 3180
73 23 9694
73 25 6725
73 26 8220
73 27 9900
73 28 9180
73 32 7302
73 33 8823
73 34 1055
73 35 5710
73 36 5599
73 37 2849
73 39 3206
73 40 8007
73 41 173
73 42 7270
73 43 1470
73 44 6515
73 46 6565
73 47 8542
73 48 8681
73 49 552
73 50 4434
73 51 6643
73 53 6921
73 54 71
73 55 2092
73 57 667
73 58 804
73 59 5809
73 60 3113
73 61 6697
73 62 9704
73 63 3340
73 64 8067
73 65 641
73 66 8559
73 69 5299
73 70 6037
73 71 5003
73 72 3331
73 73 1372
73 74 6278
73 76 1928
73 77 5984
73 78 9917
73 80 1897
73 81 9809
73 82 2949
73 85 3007
73 86 3971
73 87 9910
73 88 9351
73 91 8589
73 92 7620
73 94 2112
73 95 2868
73 97 4714
73 98 4164
74 1 4180
74 2 5751
74 3 9624
74 5 734
74 6 9289
74 9 5642
74 11 5893
74 12 6517
74 13 9611
74 14 2366
74 15 8540
74 16 6142
74 18 4462
74 20 4698
74 21 8556
74 22 3544
74 24 7514
74 25 4588
74 26 221
74 27 1219
74 28 1533
74 29 4515
74 30 7089
74 31 6639
74 32 651
74 33 8354
74 37 8821
74 38 8825
74 39 98
74 40 3528
74 41 4281
74 43 5060
74 44 5457
74 45 5358
74 47 2319
74 48 4168
74 49 8921
74 50 9081
74 51 1524
74 53 3110
74 54 3006
74 55 4075
74 57 1711
74 59 5151
74 60 7075
74 61 7294
74 62 8160
74 63 978
74 64 9711
74 65 6782
74 66 365
74 67 6920
74 68 1163
74 70 1748
74 74 5172
74 75 6113
74 78 135
74 79 2129
74 81 285
74 82 7756
74 84 5498
74 85 4535
74 86 7384
74 87 871
74 88 1126
74 89 7100
74 90 5779
74 91 3314
74 93 4399
74 98 3885
74 99 9235
75 1 6600
75 2 8855
75 3 2648
75 7 9187
75 8 5175
75 10 5439
75 11 8157
75 12 3744
75 16 8653
75 17 3773
75 19 4384
75 20 554
75 21 9742
75 22 3391
75 25 4246
75 26 2729
75 27 8471
75 28 5537
75 29 867
75 30 7405
75 33 9062
75 34 7124
75 38 4159
75 39 6140
75 40 8730
75 42 5985
75 43 9038
75 44 1921
75 46 7318
75 47 9878
75 48 440
75 49 5329
75 50 8819
75 51 7568
75 52 5223
75 55 7739
75 56 6849
75 58 7885
75 59 4381
75 61 238
75 63 5668
75 64 7711
75 65 1643
75 66 6000
75 70 2091
75 71 2512
75 72 7827
75 73 7215
75 76 6511
75 77 8086
75 79 8382
75 82 492
75 83 1677
75 84 1658
75 85 9032
75 88 3813
75 89 6685
75 90 4311
75 91 1302
75 93 4208
75 94 8627
75 95 2452
75 96 4244
75 97 3933
75 98 8015
75 99 7266
76 0 5425
76 2 7805
76 3 244
76 4 4969
76 5 6858
76 6 7657
76 8 7380
76 9 562
76 10 9521
76 11 5372
76 12 2844
76 13 1364
76 14 2497
76 15 8985
76 16 717
76 17 5458
76 18 7926
76 20 2011
76 21 8334
76 22 3008
76 23 6052
76 25 9060
76 28 3842
76 29 567
76 30 9285
76 33 5607
76 34 5910
76 35 9453
76 36 5186
76 37 6312
76 38 9608
76 39 1328
76 40 4089
76 41 5147
76 43 5188
76 44 5927
76 45 8385
76 46 1096
76 47 5077
76 49 9145
76 50 2996
76 51 5951
76 52 5297
76 54 5748
76 55 167
76 56 78
76 57 3838
76 61 8372
76 62 432
76 63 9464
76 64 6274
76 65 1485
76 67 8505
76 68 8237
76 69 4342
76 71 1931
76 73 6955
76 74 7686
76 75 1744
76 76 1790
76 77 8639
76 78 9773
76 79 8998
76 80 3482
76 81 5657
76 83 3514
76 85 9515
76 86 5021
76 87 1452
76 88 830
76 89 2973
76 90 1529
76 92 7182
76 93 6378
76 94 5637
76 95 4473
76 96 9660
76 98 344
77 0 4932
77 1 2599
77 3 6713
77 4 5483
77 6 7857
77 10 4217
77 11 8277
77 12 4439
77 13 2127
77 15 4914
77 17 8974
77 19 1463
77 21 650
77 23 9219
77 25 128
77 28 3604
77 29 3148
77 30 4817
77 31 4855
77 32 3547
77 34 3495
77 35 8211
77 37 1113
77 38 7292
77 39 4384
77 40 3049
77 41 5828
77 45 688
77 46 6200
77 47 5162
77 50 6382
77 51 3702
77 52 2648
77 53 7384
77 54 5798
77 56 7583
77 57 9839
77 59 2974
77 60 3017
77 63 1898
77 64 4532
77 65 2760
77 66 772
77 67 5932
77 68 7987
77 69 8361
77 70 1778
77 71 2493
77 72 6128
77 73 7661
77 74 2338
77 75 3602
77 76 2513
77 77 2043
77 78 2668
77 79 3976
77 80 7803
77 81 5587
77 82 2473
77 84 6641
77 85 619
77 86 3316
77 88 3344
77 89 8189
77 90 940
77 91 2051
77 92 1914
77 95 4466
77 96 6908
77 99 6610
78 1 9182
78 3 6418
78 4 1594
78 5 8965
78 7 9973
78 8 2865
78 10 9647
78 11 5593
78 13 470
78 14 1239
78 15 6757
78 16 3131
78 17 6679
78 18 9357
78 19 9979
78 20 2116
78 21 8509
78 22 4170
78 23 4683
78 24 6875
78 25 4274
78 26 9387
78 27 191
78 29 7638
78 30 582
78 31 8875
78 32 1132
78 33 7867
78 34 8256
78 35 6774
78 36 7501
78 37 4917
78 39 5595
78 41 3795
78 42 6648
78 45 4608
78 47 7932
78 48 3146
78 49 6566
78 50 9869
78 51 1608
78 52 6823
78 53 2519
78 56 5292
78 57 9129
78 58 7003
78 60 7432
78 62 1233
78 63 9294
78 65 908
78 66 8208
78 69 7390
78 70 8
78 72 4856
78 74 2368
78 75 5310
78 76 9588
78 77 9987
78 78 6331
78 79 5821
78 80 7131
78 82 8158
78 83 575
78 84 9673
78 85 5781
78 86 8473
78 88 2791
78 91 1115
78 92 8148
78 93 150
78 96 2188
78 97 6406
79 1 4545
79 3 8599
79 4 6462
79 6 6944
79 7 1247
79 8 882
79 9 6524
79 10 8079
79 11 4511
79 12 5454
79 13 8098
79 16 3155
79 17 8579
79 18 314
79 19 6698
79 20 7470
79 21 2532
79 22 5913
79 23 2643
79 24 1255
79 27 3069
79 28 7190
79 29 5566
79 30 7080
79 31 7393
79 32 933
79 33 511
79 34 4767
79 35 4205
79 36 6511
79 37 992
79 39 5436
79 41 5894
79 42 8393
79 43 5990
79 44 4
79 45 7103
79 48 9603
79 49 4706
79 50 3481
79 51 606
79 52 383
79 53 5827
79 54 3284
79 55 5559
79 56 9818
79 58 6422
79 59 2980
79 62 6923
79 63 4586
79 64 2953
79 65 5340
79 67 8449
79 68 4386
79 69 988
79 70 3172
79 71 4491
79 72 7344
79 73 1306
79 74 2264
79 75 9539
79 76 2487
79 77 7628
79 78 803
79 79 6230
79 83 1097
79 84 9183
79 85 2063
79 88 5967
79 89 9647
79 90 7011
79 92 4830
79 93 6631
79 94 7197
79 95 3802
79 96 2997
79 98 6412
79 99 6996
80 1 2111
80 3 4066
80 4 8748
80 5 8763
80 9 2827
80 10 5136
80 11 8924
80 12 8099
80 14 1507
80 15 556
80 16 8103
80 17 6617
80 19 6846
80 22 338
80 25 5373
80 27 388
80 28 6341
80 29 2123
80 30 9663
80 31 204
80 32 9044
80 34 3213
80 35 2101
80 36 3062
80 38 1384
80 39 8037
80 41 4915
80 42 1643
80 44 9949
80 46 5191
80 47 1183
80 48 623
80 49 7449
80 50 1391
80 51 6330
80 52 7232
80 56 79
80 57 2892
80 58 8733
80 59 3823
80 60 7132
80 61 6662
80 62 4268
80 63 1010
80 65 6676
80 66 5623
80 67 7073
80 69 754
80 70 437
80 71 967
80 72 6316
80 74 8733
80 75 8690
80 77 3906
80 79 6970
80 81 5882
80 84 5303
80 86 2607
80 87 8361
80 89 1548
80 90 1527
80 91 2876
80 92 3308
80 93 4219
80 94 7699
80 95 4394
80 97 3938
80 98 320
80 99 8791
81 0 7010
81 1 3160
81 3 3804
81 4 5751
81 5 3678
81 6 3623
81 7 975
81 9 7864
81 11 370
81 12 4066
81 13 7641
81 14 2828
81 15 9103
81 18 8392
81 19 8212
81 20 7321
81 24 8944
81 26 8490
81 27 6754
81 29 7949
81 30 4984
81 31 8864
81 33 6854
81 34 4324
81 35 5095
81 36 1220
81 37 1400
81 38 5758
81 39 9094
81 41 9471
81 42 7376
81 43 1187
81 45 6579
81 46 180
81 49 849
81 50 5477
81 51 5833
81 52 2279
81 53 8505
81 54 7865
81 55 2369
81 57 7826
81 58 2076
81 61 417
81 63 5035
81 64 4283
81 65 1968
81 66 9093
81 68 6299
81 69 3510
81 71 735
81 75 2176
81 76 459
81 78 8917
81 79 5114
81 83 9210
81 84 4880
81 87 1757
81 89 7541
81 90 6021
81 92 5018
81 93 621
81 94 4060
81 95 1452
81 96 5959
82 1 3647
82 3 2356
82 4 4200
82 6 9878
82 7 8808
82 8 2867
82 9 4944
82 10 7064
82 11 3429
82 13 7685
82 14 779
82 15 3586
82 16 1616
82 17 9959
82 20 4223
82 21 3398
82 24 6540
82 25 5659
82 26 6259
82 27 513
82 30 7062
82 32 6892
82 33 9185
82 34 8468
82 35 4033
82 36 5006
82 37 925
82 38 7602
82 39 69
82 40 1157
82 41 2515
82 42 5984
82 43 8314
82 44 72
82 45 3261
82 46 1536
82 49 7414
82 50 6078
82 51 3134
82 52 8069
82 54 8851
82 55 1898
82 60 777
82 61 7995
82 63 840
82 65 6185
82 66 4924
82 67 5407
82 68 1902
82 69 3474
82 70 7143
82 71 6721
82 72 7385
82 73 8161
82 74 7839
82 76 2073
82 78 8834
82 79 4381
82 80 7894
82 81 7333
82 83 3687
82 85 9245
82 89 8383
82 91 5736
82 93 5220
82 94 3242
82 95 5828
82 96 2780
82 97 3538
82 98 9272
82 99 5813
83 0 6399
83 2 8748
83 3 2302
83 4 9154
83 6 2296
83 9 9283
83 10 3129
83 12 4768
83 15 1693
83 16 8710
83 17 312
83 18 9051
83 19 7694
83 22 3084
83 23 4411
83 24 2484
83 26 3371
83 27 8583
83 28 7975
83 29 4442
83 30 11
83 31 2925
83 32 3388
83 33 6045
83 34 4133
83 35 6740
83 38 9224
83 39 1306
83 41 9450
83 42 5253
83 44 2655
83 46 8436
83 47 1182
83 48 1270
83 49 211
83 50 1177
83 52 1738
83 53 2770
83 54 7046
83 55 2088
83 57 2922
83 59 6411
83 60 3133
83 62 8301
83 63 3743
83 64 7034
83 66 8472
83 67 5936
83 68 3002
83 69 9286
83 71 2660
83 72 607
83 73 4759
83 74 7957
83 76 3321
83 77 7781
83 78 3453
83 79 7138
83 80 5504
83 81 7345
83 83 8564
83 84 3120
83 85 2600
83 86 8486
83 87 6081
83 88 9537
83 89 9283
83 92 9309
83 94 4044
83 95 9714
83 96 8846
83 98 2276
84 0 9726
84 1 8625
84 2 9335
84 3 4436
84 4 5007
84 5 5024
84 7 2657
84 8 9120
84 10 5756
84 11 8784
84 12 3855
84 13 2944
84 15 6065
84 16 5824
84 17 4589
84 18 6078
84 19 1868
84 20 6864
84 21 3536
84 22 6843
84 23 3520
84 24 9145
84 26 1614
84 27 8235
84 28 2830
84 30 1075
84 31 6769
84 32 8161
84 33 4568
84 34 6375
84 35 7962
84 36 6751
84 37 2981
84 39 5686
84 40 5854
84 41 5034
84 43 5921
84 44 8942
84 45 1333
84 46 7100
84 47 706
84 49 2085
84 50 9651
84 51 3076
84 52 6031
84 53 9677
84 57 2236
84 59 6993
84 61 7482
84 63 6745
84 64 8595
84 65 2008
84 66 715
84 67 7914
84 68 2092
84 70 6231
84 72 4950
84 73 4361
84 76 160
84 77 851
84 78 3379
84 79 8720
84 80 1904
84 81 7622
84 82 3177
84 83 4476
84 85 3154
84 86 6863
84 87 3469
84 88 2028
84 89 7404
84 90 3705
84 91 6896
84 92 3088
84 93 3465
84 94 5014
84 97 8728
84 98 4466
84 99 6519
85 0 7459
85 1 7189
85 3 7535
85 4 1799
85 5 7136
85 6 3332
85 7 8638
85 9 4034
85 11 7597
85 12 6314
85 13 5242
85 14 9627
85 19 4680
85 21 8041
85 22 1168
85 23 1427
85 25 12
85 26 7438
85 27 7922
85 28 7493
85 31 9206
85 33 2626
85 36 6622
85 38 6874
85 39 9915
85 40 6799
85 41 7362
85 45 6026
85 48 3386
85 50 8114
85 51 1722
85 52 1561
85 53 7160
85 54 8241
85 55 6819
85 56 1
85 57 734
85 60 7225
85 61 9810
85 62 1097
85 63 8643
85 66 8053
85 67 411
85 69 5737
85 70 2477
85 71 8559
85 73 8956
85 74 5188
85 75 4382
85 76 3168
85 77 8407
85 78 1404
85 79 8917
85 80 308
85 82 5701
85 83 7370
85 85 6086
85 86 8379
85 87 2883
85 88 2932
85 90 464
85 91 2417
85 92 8847
85 93 7250
85 94 6159
85 95 324
85 96 8516
85 97 5470
85 98 8038
85 99 4136
86 0 8733
86 1 9494
86 5 692
86 6 2526
86 7 5978
86 9 2430
86 10 5012
86 11 4671
86 12 7759
86 13 1887
86 14 8618
86 15 5536
86 16 1056
86 17 175
86 20 434
86 21 5583
86 23 4796
86 24 8613
86 25 6992
86 26 1689
86 27 1567
86 28 4490
86 29 3097
86 30 1412
86 32 1025
86 33 778
86 34 7011
86 35 1505
86 36 7167
86 37 7018
86 38 6943
86 39 6045
86 40 7673
86 42 9089
86 43 8350
86 44 1198
86 46 8124
86 47 6387
86 48 8860
86 49 1256
86 51 9442
86 52 4996
86 53 1623
86 55 9853
86 56 3288
86 57 4363
86 58 6022
86 59 7444
86 60 6429
86 61 1155
86 62 9709
86 63 8637
86 64 2619
86 65 3923
86 66 4097
86 67 4424
86 69 4242
86 70 7818
86 71 8899
86 72 595
86 73 2118
86 74 2270
86 76 1882
86 79 8478
86 80 6048
86 81 6455
86 82 2870
86 84 3493
86 86 3473
86 87 9722
86 89 7812
86 91 6080
86 92 4263
86 93 659
86 94 9085
86 96 6276
86 97 5648
86 99 1454
87 0 9562
87 1 8562
87 2 9191
87 3 8506
87 4 715
87 6 8189
87 8 7267
87 9 9048
87 10 5449
87 11 1590
87 12 3669
87 13 8740
87 14 1666
87 16 3816
87 17 3650
87 18 7207
87 20 5414
87 21 8404
87 22 6320
87 23 4839
87 25 9255
87 26 8439
87 27 5300
87 30 1595
87 31 4873
87 33 1176
87 34 3486
87 35 4841
87 36 2386
87 37 3341
87 38 3264
87 42 3560
87 43 5488
87 44 8393
87 45 4797
87 49 3103
87 50 3784
87 51 3360
87 52 8804
87 53 5013
87 54 1636
87 55 8535
87 56 4486
87 57 9134
87 58 5600
87 60 553
87 61 995
87 63 1173
87 65 435
87 67 4657
87 73 1917
87 75 4641
87 76 1908
87 77 1104
87 78 3784
87 79 8428
87 81 732
87 82 5663
87 83 9443
87 84 4257
87 87 84
87 88 4589
87 90 5159
87 92 7225
87 93 3445
87 96 5294
87 97 814
87 98 8304
87 99 1107
88 0 5643
88 1 3006
88 2 9760
88 4 6754
88 5 1606
88 6 4532
88 7 7828
88 8 5447
88 9 898
88 10 6767
88 11 1115
88 12 1022
88 13 3674
88 14 8332
88 15 329
88 16 3084
88 18 5397
88 19 4727
88 20 7523
88 21 1144
88 25 3842
88 26 8384
88 30 4132
88 31 7421
88 32 7487
88 33 2979
88 34 7042
88 35 5559
88 37 802
88 38 1927
88 39 1291
88 40 4817
88 41 2297
88 42 4206
88 43 7105
88 46 5990
88 47 5315
88 48 5185
88 49 2936
88 50 8747
88 52 8434
88 53 1349
88 54 6486
88 56 1543
88 57 5458
88 59 5173
88 60 3663
88 61 3077
88 62 4903
88 63 9318
88 64 8417
88 66 4893
88 67 3440
88 70 5506
88 71 1985
88 72 708
88 73 3258
88 76 810
88 77 1892
88 78 6340
88 79 919
88 80 1949
88 81 5778
88 82 7365
88 83 8646
88 84 3152
88 85 7602
88 86 6535
88 87 1820
88 88 1465
88 89 9141
88 92 1228
88 93 4810
88 94 1802
88 95 7914
88 96 7069
88 97 4087
88 98 7988
88 99 9776
89 1 4959
89 2 2632
89 3 3338
89 4 6191
89 5 8004
89 7 1403
89 8 6851
89 9 5343
89 10 8936
89 13 4271
89 14 6019
89 15 791
89 16 3398
89 17 7484
89 18 7833
89 19 4584
89 20 3979
89 22 919
89 24 3833
89 25 8390
89 27 8884
89 30 2751
89 31 9295
89 34 9455
89 35 9100
89 36 4019
89 37 2647
89 38 519
89 40 7826
89 41 8977
89 42 6324
89 43 9157
89 44 1749
89 45 6240
89 46 7054
89 48 2192
89 49 3302
89 51 8366
89 52 4017
89 57 1826
89 60 4928
89 61 4931
89 62 2318
89 63 3201
89 64 7485
89 68 7407
89 69 9469
89 70 9726
89 71 3997
89 72 6211
89 73 6751
89 76 6681
89 77 3863
89 78 592
89 79 4987
89 81 3761
89 82 6787
89 84 9274
89 85 261
89 86 914
89 87 5563
89 88 2409
89 89 5052
89 91 4619
89 93 9159
89 94 6920
89 95 3428
89 96 1834
89 97 4296
89 98 8709
90 0 6045
90 3 5505
90 4 5771
90 6 4429
90 8 9076
90 10 993
90 11 3265
90 12 2451
90 13 2285
90 17 7002
90 18 1809
90 19 3364
90 20 6410
90 21 148
90 22 3568
90 23 116
90 24 4795
90 26 3611
90 27 5234
90 28 8741
90 29 276
90 30 8
90 31 2092
90 33 2947
90 34 5487
90 35 4282
90 36 2591
90 37 4481
90 42 4796
90 43 2308
90 44 9378
90 45 5170
90 46 4443
90 48 5342
90 50 2744
90 51 6413
90 52 9796
90 53 9669
90 55 6219
90 56 9426
90 57 1369
90 58 5500
90 59 6905
90 61 5202
90 62 9235
90 63 2907
90 65 850
90 66 4093
90 67 7879
90 68 3157
90 69 2814
90 71 5091
90 72 3493
90 73 571
90 76 2969
90 77 1300
90 79 9771
90 81 3837
90 82 5079
90 85 9276
90 86 1446
90 87 9513
90 88 9826
90 91 6398
90 92 5186
90 93 7146
90 94 6069
90 95 4586
90 96 1843
90 97 4774
90 98 589
90 99 9337
91 0 9163
91 1 1249
91 2 1151
91 3 7870
91 6 4153
91 8 3063
91 9 9090
91 12 462
91 13 6055
91 14 7809
91 16 7020
91 17 9718
91 18 1660
91 19 8578
91 22 6409
91 24 6803
91 27 9226
91 28 3566
91 29 626
91 30 7885
91 31 724
91 32 6391
91 34 2859
91 35 1527
91 36 8084
91 38 9987
91 39 2550
91 41 2116
91 42 1356
91 43 9471
91 44 541
91 47 305
91 49 6651
91 50 1793
91 51 8274
91 52 1545
91 53 6341
91 55 5205
91 56 2642
91 57 5954
91 58 2628
91 60 4425
91 61 7261
91 62 8768
91 63 8602
91 69 3328
91 70 9709
91 71 6471
91 73 3249
91 76 8135
91 77 9849
91 79 4807
91 80 2618
91 81 8461
91 82 719
91 83 8330
91 84 8319
91 85 2800
91 86 8363
91 87 875
91 88 7782
91 89 6908
91 90 4384
91 92 3184
91 93 9966
91 94 3436
91 95 6645
91 96 3057
91 97 3292
91 98 3601
92 4 3307
92 5 5061
92 6 3615
92 9 6704
92 10 6077
92 11 2805
92 12 5642
92 13 6056
92 14 8867
92 15 8626
92 17 3573
92 18 2804
92 19 2007
92 20 6174
92 21 1234
92 22 3633
92 26 9881
92 27 4996
92 28 9179
92 29 5636
92 31 9326
92 33 4025
92 34 572
92 36 5611
92 37 2054
92 40 6160
92 41 6004
92 42 2154
92 43 5919
92 44 2466
92 45 6133
92 46 8884
92 47 6837
92 50 2318
92 51 9674
92 52 7097
92 53 1826
92 55 3399
92 56 4402
92 57 5467
92 58 4393
92 59 3032
92 60 5818
92 61 8019
92 63 5255
92 64 8126
92 65 3351
92 66 5644
92 67 7633
92 68 8109
92 70 8638
92 71 2712
92 74 8911
92 76 81
92 77 3449
92 78 5388
92 79 4277
92 82 814
92 83 2947
92 85 5723
92 88 9878
92 89 9464
92 90 3386
92 93 9385
92 94 929
92 96 3597
92 97 750
92 98 8042
92 99 4256
93 0 213
93 1 9865
93 2 4244
93 5 5536
93 6 5563
93 9 9767
93 10 298
93 13 8939
93 14 7068
93 15 2852
93 16 1353
93 17 5739
93 18 1508
93 19 645
93 21 6890
93 22 9183
93 23 8229
93 24 2595
93 25 1130
93 27 2859
93 28 3080
93 29 9854
93 31 6560
93 32 2682
93 35 2744
93 36 4812
93 37 4605
93 38 3083
93 40 7330
93 41 2189
93 42 3146
93 44 8686
93 45 520
93 47 5271
93 48 2976
93 49 9000
93 50 3929
93 51 2182
93 52 8796
93 53 9603
93 54 1560
93 55 4792
93 57 2634
93 58 6889
93 60 4229
93 62 6494
93 63 635
93 65 6668
93 67 5841
93 71 4739
93 72 8198
93 74 8728
93 76 4715
93 78 8156
93 79 1019
93 80 479
93 81 6022
93 82 3640
93 83 9394
93 84 7951
93 85 7484
93 86 2978
93 87 3177
93 88 8812
93 89 6495
93 90 2391
93 91 3366
93 92 5216
93 93 7422
93 96 6122
93 97 2717
93 98 1388
93 99 6945
94 0 73
94 1 5916
94 3 9302
94 5 2663
94 6 4442
94 7 8424
94 9 8886
94 10 6335
94 11 7219
94 12 6017
94 13 167
94 14 3676
94 16 9949
94 17 3699
94 18 9998
94 19 5121
94 21 2135
94 22 8795
94 23 9383
94 25 6544
94 26 795
94 27 9304
94 29 8729
94 31 7934
94 32 2627
94 34 2023
94 35 2859
94 36 5855
94 37 3594
94 38 9762
94 41 2019
94 42 2861
94 43 7875
94 46 9424
94 47 8652
94 48 4835
94 49 3775
94 51 4835
94 53 6801
94 54 268
94 55 8692
94 56 860
94 57 4601
94 60 5803
94 61 6193
94 62 9022
94 64 5703
94 65 6636
94 66 6714
94 67 461
94 68 3527
94 71 9046
94 73 1311
94 74 3831
94 76 7847
94 77 2246
94 79 402
94 80 1147
94 81 885
94 82 6901
94 83 9875
94 84 2550
94 87 7927
94 88 3679
94 89 147
94 91 8787
94 92 6234
94 96 7456
95 0 5191
95 3 9718
95 4 5684
95 5 4670
95 6 5035
95 7 5006
95 9 7128
95 10 9443
95 11 1037
95 14 4575
95 17 4830
95 18 7979
95 19 2453
95 20 5307
95 22 6301
95 23 659
95 24 2211
95 27 4329
95 28 1731
95 29 496
95 30 7685
95 31 5209
95 34 2737
95 35 155
95 36 2955
95 37 3060
95 38 5857
95 39 945
95 40 2623
95 41 193
95 42 516
95 44 9326
95 45 788
95 46 7485
95 47 2607
95 48 3331
95 49 7445
95 51 3353
95 52 8543
95 53 6327
95 54 213
95 56 2796
95 57 6971
95 58 1769
95 60 9484
95 61 4240
95 63 2125
95 64 5725
95 65 1958
95 69 7217
95 70 6924
95 71 6714
95 72 3310
95 73 8971
95 74 7163
95 75 750
95 76 6832
95 78 261
95 79 1793
95 81 5983
95 83 6339
95 84 5541
95 85 7928
95 86 2416
95 87 7371
95 88 4143
95 89 1440
95 90 5618
95 91 3175
95 93 3224
95 95 251
95 97 4883
95 98 2012
95 99 1676
96 3 5934
96 5 7822
96 6 3542
96 7 9339
96 8 7369
96 9 7642
96 10 532
96 11 8648
96 12 3528
96 16 6907
96 17 2849
96 18 8755
96 19 5024
96 20 409
96 21 5739
96 22 5983
96 23 4619
96 24 1344
96 25 7582
96 26 5716
96 29 5341
96 30 9395
96 31 8628
96 32 5852
96 33 3560
96 34 1751
96 35 1963
96 36 2995
96 38 3770
96 40 4025
96 41 3466
96 42 3732
96 44 5241
96 46 5534
96 50 6435
96 51 5699
96 54 6899
96 56 1628
96 57 6763
96 59 365
96 61 1393
96 62 639
96 63 9367
96 64 3399
96 65 8989
96 66 2145
96 68 4283
96 69 6269
96 70 9840
96 71 4221
96 73 8331
96 75 3233
96 76 7431
96 77 717
96 79 8088
96 80 8994
96 81 3029
96 82 4832
96 83 773
96 84 4769
96 85 8676
96 86 2790
96 87 3296
96 88 7453
96 91 4718
96 94 6184
96 95 5846
96 97 6597
96 98 7920
96 99 9418
97 3 1166
97 6 7744
97 7 33
97 8 6545
97 9 4107
97 10 1216
97 11 5247
97 13 7580
97 14 4224
97 15 6832
97 16 5448
97 17 838
97 18 410
97 19 8075
97 20 1721
97 21 5614
97 22 3630
97 23 2266
97 24 5311
97 25 2233
97 27 8401
97 29 6082
97 30 6869
97 31 3026
97 33 4680
97 34 9030
97 35 9732
97 37 9799
97 38 9897
97 39 8241
97 40 1462
97 41 9751
97 45 7399
97 46 9232
97 48 4963
97 49 4769
97 50 8038
97 51 368
97 52 8760
97 53 6977
97 54 6317
97 55 2361
97 56 7902
97 57 1500
97 58 8663
97 59 190
97 62 3493
97 64 6129
97 66 9938
97 67 4557
97 68 4389
97 70 3213
97 71 1096
97 73 8693
97 75 4722
97 76 2991
97 78 5945
97 79 632
97 80 1102
97 81 6336
97 82 5374
97 83 2464
97 84 7661
97 85 7319
97 86 7117
97 87 2327
97 88 1395
97 90 146
97 92 3619
97 93 7135
97 94 7017
97 95 630
97 96 6835
97 98 8840
97 99 6062
98 0 7462
98 1 8617
98 2 2725
98 3 2826
98 4 7958
98 5 5882
98 6 1968
98 8 7241
98 9 5655
98 10 5780
98 11 9446
98 13 2457
98 15 2100
98 17 4087
98 18 9334
98 19 6189
98 21 5651
98 22 5410
98 23 9927
98 24 3418
98 25 1443
98 29 4822
98 30 7891
98 31 2521
98 33 1354
98 34 2313
98 35 9599
98 37 1940
98 38 3108
98 39 8122
98 40 629
98 41 3903
98 42 6474
98 43 2858
98 44 7033
98 45 1189
98 46 9791
98 48 1924
98 49 1710
98 50 3381
98 53 8408
98 54 1266
98 55 1167
98 56 2643
98 57 9702
98 59 556
98 60 2171
98 61 8323
98 62 846
98 64 2151
98 65 8176
98 66 1304
98 67 2702
98 69 5389
98 70 7451
98 72 6667
98 73 5949
98 74 8895
98 76 9829
98 77 4080
98 78 4683
98 79 4157
98 80 1069
98 82 724
98 84 2198
98 85 5479
98 86 4792
98 87 8387
98 88 4227
98 90 4894
98 91 1522
98 92 8592
98 93 1519
98 94 111
98 95 3382
98 96 6388
98 98 1578
99 0 9711
99 1 2584
99 2 5720
99 3 6078
99 4 9013
99 5 7421
99 6 4988
99 7 6554
99 8 4161
99 9 4910
99 10 1706
99 11 2073
99 12 5604
99 13 6760
99 14 9957
99 15 4704
99 16 3973
99 18 497
99 19 7726
99 21 8131
99 22 1431
99 27 4428
99 28 6584
99 29 7263
99 30 7727
99 31 6616
99 32 6359
99 33 3514
99 34 9121
99 36 9113
99 38 3607
99 39 5407
99 40 3817
99 41 4472
99 43 3897
99 44 2896
99 46 2681
99 47 6933
99 48 3148
99 49 6902
99 51 7944
99 53 7161
99 56 9688
99 57 3845
99 59 233
99 60 7806
99 63 5246
99 64 7378
99 65 7929
99 66 7591
99 68 3045
99 69 5372
99 70 3051
99 71 6717
99 72 2701
99 74 3116
99 76 4282
99 77 9408
99 78 538
99 79 1542
99 81 6669
99 84 7896
99 85 4907
99 86 2120
99 87 6278
99 88 5587
99 89 2071
99 91 2241
99 92 4421
99 93 4731
99 94 7332
99 96 8570
99 97 6548
99 99 5859
