75
3271
0 1 7284
0 2 5320
0 3 3470
0 7 8533
0 8 948
0 15 1784
0 16 6346
0 17 6895
0 18 3249
0 20 9975
0 21 3046
0 24 2817
0 25 1854
0 26 1928
0 28 2700
0 30 3662
0 31 1953
0 34 3432
0 35 7184
0 36 4636
0 37 1175
0 39 2500
0 40 9713
0 41 9459
0 43 6923
0 45 7148
0 47 5938
0 48 1685
0 49 1912
0 51 2530
0 52 9608
0 55 1904
0 58 4956
0 59 664
0 60 5242
0 61 4252
0 62 4562
0 63 4001
0 64 9631
0 65 3366
0 66 3050
0 67 3049
0 68 2847
0 69 6370
0 71 6213
0 73 7919
1 0 7846
1 3 8429
1 4 2449
1 6 1945
1 8 4921
1 10 4310
1 11 9002
1 13 243
1 18 4079
1 19 7766
1 20 9122
1 21 4195
1 23 8026
1 24 6318
1 25 2381
1 27 6971
1 28 7404
1 29 2196
1 33 8340
1 34 9761
1 35 1563
1 36 6532
1 37 4098
1 39 6392
1 43 9212
1 44 8932
1 45 212
1 46 182
1 50 8025
1 52 7268
1 53 729
1 54 1347
1 56 1306
1 59 7745
1 62 4866
1 65 3945
1 67 1311
1 68 1799
1 69 1931
1 70 2041
1 71 7241
1 72 4485
1 73 4860
1 74 3034
2 0 6853
2 1 6672
2 4 9923
2 12 7854
2 14 9075
2 15 7456
2 16 4772
2 20 7912
2 23 8096
2 25 5271
2 26 9579
2 29 6519
2 30 801
2 31 5318
2 32 2823
2 33 1344
2 37 9342
2 38 8773
2 39 4962
2 40 8502
2 41 3545
2 42 6954
2 44 5603
2 45 4256
2 46 3998
2 48 4263
2 49 3574
2 50 6488
2 51 3447
2 54 1498
2 55 5283
2 59 5465
2 60 3520
2 61 1504
2 62 1187
2 65 5920
2 66 6566
2 67 6502
2 68 2104
2 69 8377
2 70 2137
2 74 3196
3 0 4248
3 1 883
3 2 5983
3 4 4308
3 5 5437
3 9 9273
3 10 8065
3 11 7629
3 13 2780
3 15 9097
3 16 8943
3 17 5665
3 18 2978
3 19 3576
3 21 8501
3 22 4060
3 23 6668
3 26 7046
3 28 359
3 31 9158
3 32 907
3 33 5406
3 35 7227
3 38 8987
3 39 5695
3 40 5057
3 41 3699
3 42 9886
3 43 1807
3 45 1373
3 47 6344
3 49 820
3 54 2424
3 55 5715
3 57 1665
3 62 5554
3 64 4571
3 65 6778
3 68 8512
3 69 265
3 70 2594
3 72 8767
3 74 7868
4 1 816
4 2 2732
4 5 7361
4 6 3141
4 7 4316
4 8 811
4 10 7075
4 13 3314
4 14 4258
4 15 2470
4 16 1286
4 17 3631
4 18 5212
4 19 8826
4 21 6537
4 22 656
4 23 9052
4 25 5401
4 26 8291
4 27 2394
4 28 1931
4 29 3169
4 30 2237
4 31 6699
4 32 7125
4 34 1362
4 35 8242
4 36 2234
4 37 2247
4 39 5447
4 40 1247
4 41 4073
4 42 9014
4 43 2309
4 44 2404
4 45 4136
4 47 4071
4 48 633
4 50 1397
4 51 5846
4 52 2278
4 57 3821
4 62 7316
4 63 6523
4 65 4546
4 66 653
4 67 400
4 69 78
4 70 1652
4 74 8742
5 0 9117
5 3 9879
5 4 6457
5 10 1547
5 12 2319
5 13 8585
5 14 1539
5 15 2224
5 16 6473
5 20 1901
5 21 1074
5 22 5401
5 23 6835
5 25 8853
5 26 9374
5 28 8542
5 29 9404
5 30 5238
5 31 6423
5 33 5242
5 35 2510
5 36 8524
5 37 5717
5 39 8694
5 40 7919
5 41 457
5 47 5933
5 49 3279
5 51 1360
5 52 1760
5 54 7067
5 55 7827
5 56 2745
5 57 5269
5 58 1615
5 60 4071
5 61 9930
5 65 102
5 66 3380
5 67 6131
5 69 6919
5 70 1336
5 71 8257
5 72 7367
5 73 3958
6 1 3701
6 2 9121
6 3 3811
6 4 7529
6 8 5989
6 9 304
6 10 1263
6 11 6697
6 12 5977
6 13 1846
6 14 1111
6 16 2899
6 18 8442
6 19 8305
6 24 9234
6 25 88
6 29 7317
6 30 1649
6 31 3209
6 33 1692
6 35 9685
6 36 4559
6 38 9932
6 39 6604
6 42 4468
6 43 472
6 44 1989
6 45 1089
6 47 2916
6 48 5761
6 49 8013
6 50 9764
6 51 4031
6 55 4612
6 57 5080
6 58 1660
6 60 1175
6 61 6513
6 63 6385
6 69 8846
6 70 3118
6 72 9147
6 73 3523
7 0 7860
7 1 949
7 2 5722
7 4 711
7 5 7566
7 6 1987
7 11 6487
7 13 877
7 14 5534
7 19 825
7 21 3965
7 22 1328
7 26 4751
7 27 9314
7 28 252
7 29 9705
7 30 8184
7 31 804
7 32 8030
7 33 2683
7 35 5470
7 36 7421
7 37 8780
7 39 1806
7 40 2089
7 42 118
7 43 9082
7 44 4743
7 46 2503
7 47 697
7 48 6058
7 49 2930
7 51 546
7 54 4742
7 56 7751
7 58 7269
7 62 8792
7 63 752
7 64 5709
7 65 6554
7 67 5641
7 68 7995
7 69 3001
7 70 3978
7 71 6789
7 73 5877
7 74 9760
8 1 7215
8 2 3625
8 3 1326
8 6 5749
8 7 534
8 9 680
8 10 2471
8 11 7924
8 13 2943
8 14 3982
8 16 2506
8 17 7603
8 18 1854
8 19 4109
8 20 9219
8 22 488
8 23 9199
8 24 7573
8 25 9528
8 26 6515
8 28 6423
8 30 7355
8 31 8166
8 32 1024
8 33 1825
8 34 2162
8 35 8728
8 36 5497
8 38 4852
8 39 7444
8 41 1485
8 43 7064
8 44 7724
8 45 6011
8 46 5356
8 47 7782
8 48 2283
8 49 1312
8 50 9450
8 51 5727
8 52 1554
8 53 3719
8 54 6443
8 56 4128
8 57 4572
8 59 5431
8 64 6746
8 65 7371
8 66 326
8 67 1472
8 68 9648
8 71 5132
8 73 7718
8 74 2524
9 0 4745
9 4 1994
9 6 7287
9 7 835
9 8 2174
9 12 4229
9 13 8943
9 15 6345
9 16 929
9 17 2023
9 18 4154
9 19 8708
9 21 3697
9 22 2518
9 23 2624
9 27 7020
9 28 7693
9 29 8883
9 30 513
9 31 9235
9 32 3516
9 36 3210
9 37 5854
9 39 3062
9 40 3119
9 41 6514
9 42 3352
9 43 1607
9 45 3827
9 46 3342
9 47 1538
9 48 1175
9 51 1430
9 54 3020
9 56 1374
9 57 4628
9 58 9349
9 59 9205
9 62 3835
9 63 4807
9 64 2320
9 67 9897
9 68 6801
9 69 9149
9 70 3319
9 71 388
9 72 1219
10 1 8323
10 2 5500
10 4 9141
10 5 9773
10 6 7632
10 8 1984
10 11 4598
10 13 7348
10 14 1985
10 15 6448
10 18 9162
10 22 1730
10 26 1760
10 27 4027
10 28 5731
10 29 6177
10 32 6527
10 33 1311
10 34 5728
10 36 4850
10 38 4885
10 42 2375
10 43 4605
10 45 8644
10 46 2823
10 47 4801
10 49 8083
10 50 3892
10 51 7504
10 57 2110
10 59 8151
10 60 9381
10 63 1910
10 64 241
10 65 5215
10 66 7823
10 67 9226
10 68 7932
10 69 3105
10 70 8990
10 71 6102
10 73 2426
10 74 2793
11 1 6283
11 3 5737
11 4 4139
11 5 1927
11 6 1318
11 7 8624
11 10 9382
11 15 2153
11 16 9639
11 17 7825
11 18 9009
11 20 9154
11 21 3455
11 22 6721
11 23 5703
11 28 5740
11 29 4145
11 32 9222
11 33 403
11 34 9485
11 36 498
11 38 7470
11 39 6233
11 40 54
11 41 9085
11 43 4350
11 44 6489
11 45 3275
11 46 5347
11 47 5889
11 51 9233
11 52 8087
11 53 8012
11 55 8012
11 57 7938
11 59 1226
11 63 3564
11 64 2152
11 65 8515
11 66 5843
11 67 9419
11 71 6702
11 74 1273
12 0 3923
12 2 4207
12 7 2761
12 9 2903
12 10 4360
12 15 6564
12 17 5731
12 20 408
12 21 5200
12 22 9956
12 24 2006
12 27 691
12 28 4624
12 29 5456
12 30 9325
12 34 4866
12 36 2190
12 37 2964
12 38 2694
12 41 4800
12 42 267
12 43 5344
12 46 5167
12 48 9234
12 49 4822
12 50 2355
12 51 7833
12 52 5855
12 55 1803
12 57 5643
12 60 6917
12 62 7044
12 63 201
12 64 540
12 65 1720
12 67 4753
12 68 6322
12 69 9708
12 70 6047
12 71 5572
12 72 169
13 0 2935
13 1 822
13 2 7728
13 3 6916
13 4 1235
13 5 5396
13 7 8520
13 12 6665
13 14 4381
13 16 6138
13 17 6820
13 18 2742
13 19 3675
13 20 9399
13 22 7338
13 23 8377
13 24 8548
13 25 6835
13 26 4613
13 27 3401
13 28 4829
13 29 5021
13 31 4604
13 32 3913
13 34 9969
13 35 7068
13 36 9625
13 39 7098
13 40 6327
13 42 5730
13 43 5685
13 44 6325
13 46 7846
13 48 3031
13 49 1853
13 51 948
13 52 3695
13 53 6570
13 54 2227
13 55 4423
13 56 8063
13 58 3345
13 61 1517
13 63 4841
13 65 5023
13 67 368
13 68 5832
13 69 6245
13 70 6357
13 71 1045
13 72 7709
13 73 5299
13 74 7132
14 0 3330
14 1 8551
14 2 890
14 3 8201
14 6 1651
14 7 2655
14 8 7168
14 9 9297
14 10 4226
14 16 5381
14 18 6866
14 19 2089
14 22 1426
14 27 7386
14 28 7356
14 29 354
14 32 8780
14 33 9565
14 34 8153
14 36 6682
14 38 2646
14 39 7748
14 40 875
14 41 625
14 42 9267
14 43 6781
14 46 972
14 49 6565
14 51 617
14 53 4075
14 55 7273
14 58 3487
14 59 314
14 60 7002
14 61 8685
14 63 9795
14 69 3940
14 70 8180
14 71 1504
14 73 7545
14 74 6647
15 0 7323
15 1 6633
15 3 6163
15 6 5092
15 7 3299
15 8 7298
15 11 6407
15 13 9581
15 16 2699
15 17 2388
15 18 8577
15 20 6627
15 21 1280
15 22 4689
15 23 8278
15 25 7649
15 27 671
15 31 3592
15 35 9732
15 36 473
15 37 3565
15 39 28
15 42 2090
15 43 4393
15 45 8725
15 46 4746
15 49 4221
15 50 2310
15 53 1407
15 55 6631
15 56 9470
15 59 8531
15 60 1308
15 61 9609
15 62 4421
15 64 9472
15 68 9193
15 69 4488
15 70 8394
15 71 3846
15 72 3624
15 73 8662
15 74 7925
16 0 6783
16 4 8962
16 6 5822
16 9 8433
16 11 7915
16 12 2576
16 13 3669
16 14 5719
16 19 3316
16 20 3038
16 22 7574
16 24 5599
16 25 5163
16 28 3294
16 30 6954
16 31 7316
16 32 6655
16 33 5107
16 34 7893
16 36 1147
16 37 9169
16 38 929
16 39 85
16 41 5205
16 42 2303
16 43 8628
16 44 5208
16 47 7759
16 49 6976
16 51 5497
16 53 221
16 54 7563
16 55 1465
16 56 6703
16 61 6029
16 62 5766
16 63 1196
16 65 6186
16 66 6829
16 70 510
16 72 3504
16 73 5478
16 74 7026
17 0 2173
17 1 8615
17 2 6056
17 3 6410
17 4 6484
17 6 1353
17 7 4091
17 9 3668
17 10 7303
17 13 8452
17 14 1525
17 18 6125
17 21 4401
17 22 3556
17 23 9639
17 28 49
17 29 9882
17 30 9629
17 31 788
17 32 5281
17 33 2034
17 39 3810
17 42 1499
17 43 779
17 44 4129
17 46 5308
17 51 464
17 53 1095
17 55 7824
17 56 7672
17 57 1569
17 60 1150
17 62 9585
17 66 6460
17 67 5788
17 69 6259
17 70 2784
17 71 3122
17 73 5743
17 74 2610
18 0 7082
18 1 7417
18 4 3513
18 5 793
18 6 8164
18 7 6912
18 9 4015
18 10 3067
18 12 9743
18 14 3939
18 15 237
18 19 9757
18 20 7835
18 21 1588
18 22 1214
18 24 3033
18 25 9164
18 27 9918
18 28 5476
18 31 629
18 32 3632
18 33 3205
18 36 3810
18 37 4669
18 38 3076
18 40 105
18 41 2758
18 43 5940
18 46 204
18 47 6913
18 51 3454
18 54 7800
18 56 500
18 58 8237
18 60 7046
18 62 8666
18 63 5875
18 64 2008
18 68 308
18 69 4174
18 71 8938
18 72 9312
18 73 1171
19 0 6170
19 2 7284
19 6 8726
19 7 5833
19 8 5592
19 9 8633
19 10 6834
19 17 8423
19 20 5623
19 21 6436
19 27 725
19 28 1705
19 31 5178
19 34 7217
19 35 241
19 36 6296
19 37 9892
19 38 5377
19 39 3624
19 40 1283
19 45 9955
19 46 700
19 47 5293
19 48 9572
19 49 2111
19 50 5509
19 51 9494
19 53 8536
19 54 1908
19 55 8841
19 57 6818
19 58 8874
19 59 9265
19 62 1520
19 63 2073
19 65 9496
19 66 9291
19 67 6866
19 68 279
19 69 532
19 71 1155
19 72 3265
19 74 5844
20 1 3284
20 2 1197
20 3 6044
20 5 88
20 8 7207
20 12 9997
20 13 4462
20 14 7388
20 15 6243
20 16 5003
20 17 2301
20 21 6082
20 22 1258
20 23 7182
20 24 2210
20 26 6478
20 28 2254
20 30 4549
20 31 63
20 32 8339
20 34 8432
20 36 9053
20 37 5749
20 38 6268
20 39 2650
20 40 4000
20 42 5469
20 43 280
20 44 6416
20 45 7737
20 46 43
20 47 2106
20 52 9535
20 54 2671
20 55 2300
20 59 1007
20 61 5763
20 62 5461
20 65 3327
20 66 1633
20 67 8843
20 69 415
20 70 9037
20 72 3601
21 1 6320
21 2 4406
21 5 7094
21 7 8521
21 8 5913
21 9 8597
21 10 570
21 11 1098
21 14 4150
21 16 2246
21 17 8971
21 18 2856
21 19 662
21 23 145
21 25 7046
21 26 2571
21 27 3541
21 28 8134
21 29 8207
21 30 2346
21 31 6538
21 33 8449
21 35 5344
21 38 6996
21 39 414
21 40 9936
21 42 7298
21 43 7705
21 47 9904
21 48 189
21 49 9336
21 51 2264
21 52 1889
21 54 8646
21 56 2303
21 57 5748
21 59 1190
21 60 8648
21 63 2795
21 68 2563
21 69 3021
21 70 9329
21 72 9668
21 74 3946
22 0 8132
22 1 7808
22 2 298
22 4 3352
22 5 6080
22 6 5439
22 8 5736
22 9 1559
22 11 1701
22 12 9358
22 13 3275
22 14 2668
22 16 6255
22 19 9536
22 20 693
22 26 1259
22 27 6362
22 28 5230
22 29 790
22 32 2016
22 33 499
22 35 8360
22 36 5243
22 37 7141
22 39 1542
22 41 6692
22 42 7429
22 43 6518
22 44 2342
22 48 3279
22 50 9738
22 53 5893
22 56 3894
22 57 492
22 59 7889
22 60 6195
22 61 4874
22 65 7968
22 68 2315
22 69 2227
22 70 7071
22 72 2064
22 73 988
22 74 4783
23 0 3084
23 1 6798
23 2 7396
23 4 7087
23 5 6188
23 6 2984
23 8 6953
23 9 6229
23 10 2292
23 12 6310
23 13 4965
23 15 7531
23 18 8040
23 19 1220
23 21 5746
23 24 8697
23 25 5607
23 26 8324
23 28 1047
23 30 7552
23 32 2502
23 34 6464
23 37 6518
23 38 7794
23 40 1080
23 41 3774
23 43 2964
23 44 3152
23 45 1848
23 46 1336
23 48 1223
23 49 2727
23 50 1814
23 51 9171
23 53 8038
23 54 7836
23 56 5821
23 57 9079
23 58 393
23 59 2642
23 61 5935
23 62 2947
23 67 8743
23 69 5003
23 73 1969
24 0 6565
24 1 5133
24 2 6726
24 4 1183
24 6 3085
24 10 5305
24 12 908
24 14 7183
24 17 4773
24 18 2423
24 19 4755
24 22 7516
24 27 7887
24 28 5757
24 29 9539
24 34 8260
24 35 7548
24 36 6645
24 37 593
24 39 6572
24 40 8676
24 41 4317
24 42 6878
24 43 298
24 45 4632
24 46 2059
24 47 3391
24 48 8599
24 50 8887
24 51 2334
24 52 2986
24 54 2254
24 55 540
24 56 9881
24 58 3446
24 59 8139
24 60 3468
24 61 7240
24 62 9707
24 64 2769
24 65 7334
24 66 7903
24 68 7975
24 70 6226
24 72 6409
24 74 8475
25 0 6466
25 1 2664
25 2 1271
25 3 287
25 7 3507
25 8 7506
25 9 1911
25 10 8560
25 11 9155
25 13 6245
25 15 6747
25 16 107
25 19 7023
25 20 6324
25 27 1266
25 28 3858
25 32 6368
25 33 9352
25 34 8619
25 35 5039
25 37 5952
25 39 5883
25 40 4111
25 41 2929
25 43 4795
25 44 305
25 45 6990
25 46 1943
25 49 6624
25 51 9111
25 52 3055
25 53 5976
25 55 1052
25 56 4826
25 58 8201
25 59 7351
25 60 6969
25 62 9554
25 65 2828
25 66 8282
25 67 677
25 70 9764
25 71 8272
25 72 4904
25 74 1490
26 0 4179
26 1 9314
26 2 4729
26 3 5439
26 4 6924
26 5 4509
26 6 3137
26 7 5639
26 9 19
26 10 701
26 11 3607
26 12 4523
26 15 4448
26 17 747
26 18 449
26 19 8428
26 20 3954
26 22 4431
26 24 7668
26 28 929
26 31 8756
26 33 603
26 34 1447
26 35 4139
26 36 2496
26 38 7063
26 40 5428
26 41 4510
26 43 6987
26 46 206
26 48 1997
26 49 8381
26 51 2896
26 52 5574
26 53 2101
26 54 6418
26 57 7969
26 59 8998
26 65 6975
26 66 1315
26 68 350
26 70 4449
26 71 8321
27 1 915
27 4 3430
27 5 825
27 6 7230
27 8 4931
27 10 1067
27 11 885
27 13 3688
27 15 4343
27 17 9639
27 19 2753
27 20 9395
27 21 7
27 26 1611
27 28 1230
27 29 2119
27 32 4332
27 33 3364
27 34 7446
27 39 5647
27 43 7974
27 44 4935
27 45 8572
27 48 5191
27 51 9961
27 52 1395
27 53 8870
27 55 665
27 56 6384
27 57 5609
27 58 3442
27 59 5257
27 60 453
27 61 545
27 63 1758
27 64 271
27 65 5500
27 67 2534
27 68 3683
27 71 3291
27 72 9946
27 73 4229
27 74 3999
28 0 1500
28 2 5222
28 9 507
28 10 9765
28 13 7133
28 15 4778
28 19 3093
28 20 1943
28 21 6967
28 23 7224
28 24 3295
28 25 779
28 29 9935
28 31 4753
28 32 9829
28 33 9801
28 35 4357
28 37 9312
28 38 4275
28 39 9334
28 40 3323
28 43 5641
28 44 4098
28 45 40
28 47 3362
28 49 5801
28 50 9462
28 51 5333
28 52 5875
28 53 7255
28 54 9187
28 58 625
28 59 5360
28 60 2762
28 61 5446
28 64 9536
28 65 5092
28 66 5779
28 69 7536
28 72 990
28 73 7689
29 3 7763
29 4 8736
29 6 8081
29 9 1235
29 11 1106
29 14 959
29 16 8557
29 17 5703
29 19 6148
29 20 1379
29 22 1423
29 25 8388
29 26 4138
29 30 3559
29 32 6994
29 33 4672
29 35 4362
29 36 342
29 39 7235
29 40 5769
29 43 5965
29 45 4906
29 46 8542
29 48 7061
29 51 3274
29 53 3231
29 56 926
29 57 5066
29 58 1984
29 60 9466
29 61 4655
29 63 1786
29 64 1145
29 65 1288
29 66 4482
29 69 638
29 71 9401
29 72 5731
29 74 4135
30 2 9850
30 3 480
30 4 8680
30 5 2092
30 6 9107
30 7 8980
30 9 6237
30 11 8127
30 14 5238
30 15 5218
30 16 8620
30 18 9969
30 19 3975
30 20 6446
30 21 2220
30 22 8926
30 23 8790
30 24 156
30 27 7099
30 29 8314
30 31 413
30 32 3076
30 34 4268
30 35 6286
30 36 7182
30 37 1959
30 40 3139
30 42 5521
30 43 3563
30 44 831
30 46 6856
30 47 8369
30 49 2962
30 52 9164
30 54 3278
30 55 9511
30 57 4145
30 59 8047
30 60 7809
30 61 7744
30 63 9852
30 65 7353
30 68 8174
30 69 3282
30 70 3345
30 71 522
30 72 4757
30 74 4187
31 0 6637
31 5 6501
31 6 4493
31 7 7258
31 9 7982
31 10 2353
31 12 4283
31 13 5609
31 14 9850
31 15 3687
31 17 8235
31 18 7655
31 21 3093
31 22 2384
31 26 2754
31 29 8315
31 30 8351
31 32 1718
31 33 9990
31 35 1687
31 37 6366
31 38 3736
31 40 9812
31 43 6862
31 44 3010
31 46 4788
31 48 92
31 50 4558
31 54 4828
31 57 9820
31 58 3560
31 60 1520
31 62 3884
31 63 1368
31 64 3402
31 66 8508
31 68 2026
31 69 1380
31 70 8625
31 71 2275
31 72 4376
31 73 7903
31 74 9317
32 0 7450
32 2 9513
32 7 7922
32 8 8834
32 9 1847
32 11 2597
32 15 1229
32 17 7907
32 18 3766
32 19 9441
32 21 7521
32 22 816
32 23 3596
32 25 7591
32 27 5147
32 31 7796
32 33 6883
32 35 4678
32 36 8496
32 37 9903
32 38 3998
32 40 5358
32 42 566
32 45 4190
32 50 2717
32 51 3762
32 52 4114
32 53 6548
32 55 9578
32 57 644
32 60 9200
32 63 855
32 65 3917
32 66 4203
32 68 2608
32 70 3311
32 71 5152
32 73 9198
32 74 463
33 0 8926
33 1 5969
33 2 6604
33 6 7054
33 8 8352
33 9 7137
33 11 7392
33 13 3467
33 15 478
33 18 1201
33 21 7412
33 27 2807
33 28 8646
33 29 3293
33 30 2867
33 31 7922
33 32 8595
33 34 6940
33 35 8446
33 37 9948
33 39 6707
33 42 597
33 43 1337
33 51 4460
33 52 8324
33 53 5499
33 55 8225
33 59 3555
33 60 6703
33 62 9551
33 64 1698
33 65 4689
33 68 8843
33 69 9928
33 70 97
33 72 1532
33 73 9195
33 74 3347
34 2 2379
34 6 3661
34 7 8654
34 8 1550
34 10 8644
34 12 7689
34 13 8422
34 14 5282
34 18 7389
34 19 4414
34 20 885
34 23 8792
34 24 7340
34 26 7876
34 27 3835
34 28 8998
34 29 9181
34 30 6701
34 31 8859
34 32 5122
34 33 8004
34 35 8318
34 36 4259
34 37 4953
34 38 996
34 40 9943
34 43 3167
34 44 7859
34 45 3207
34 46 9633
34 48 6574
34 50 9824
34 52 4355
34 53 9143
34 55 8484
34 56 283
34 57 4991
34 58 2485
34 59 35
34 60 3559
34 62 32
34 64 2288
34 65 1848
34 66 1711
34 67 8304
34 68 1454
34 69 4564
34 74 7830
35 0 16
35 3 9121
35 4 6418
35 5 8735
35 7 6879
35 9 3050
35 10 2843
35 12 5100
35 15 753
35 18 5343
35 20 4943
35 23 140
35 25 7422
35 26 4718
35 27 686
35 28 3098
35 29 6338
35 30 5642
35 31 5874
35 33 4782
35 34 5597
35 36 1787
35 37 9075
35 38 2829
35 39 1842
35 40 7230
35 41 7964
35 43 852
35 44 8266
35 45 7672
35 46 478
35 47 66
35 48 8806
35 49 1605
35 50 3028
35 51 3486
35 52 4755
35 54 4647
35 55 7668
35 57 6254
35 58 4864
35 59 6468
35 61 6264
35 64 179
35 65 1045
35 66 8916
35 70 9945
35 71 6548
35 72 1228
35 74 1171
36 0 4993
36 3 2827
36 7 8405
36 8 4842
36 9 4098
36 11 4205
36 13 6101
36 14 5441
36 16 5588
36 18 5286
36 23 8076
36 25 8107
36 26 670
36 27 5687
36 28 3891
36 29 2127
36 30 1297
36 31 3991
36 34 646
36 37 199
36 38 7617
36 40 5473
36 41 2802
36 43 4448
36 45 4331
36 46 2544
36 47 36
36 49 4071
36 50 5144
36 51 6045
36 52 7952
36 58 4637
36 60 6149
36 63 6487
36 64 3176
36 65 1656
36 69 70
36 71 8177
36 72 3165
36 73 2503
36 74 4612
37 0 914
37 1 2849
37 2 7647
37 4 6746
37 5 1161
37 7 8838
37 8 4706
37 9 5258
37 10 3603
37 11 6999
37 13 323
37 14 2548
37 15 6265
37 17 9979
37 18 1803
37 19 3559
37 20 1598
37 22 2480
37 24 8399
37 26 3974
37 27 4605
37 29 5736
37 31 4000
37 33 8753
37 34 7483
37 35 8105
37 36 4420
37 43 9078
37 44 5188
37 45 3009
37 46 6514
37 48 2020
37 50 6941
37 51 9522
37 52 1451
37 53 4805
37 54 3636
37 55 6001
37 56 8316
37 57 3277
37 58 3338
37 60 2675
37 61 6931
37 62 8163
37 63 5091
37 64 7600
37 65 7749
37 66 7523
37 71 9794
37 72 739
37 73 7608
37 74 8974
38 1 7897
38 2 5576
38 3 7496
38 5 9885
38 14 5559
38 15 1575
38 16 5295
38 17 3493
38 19 85
38 20 1668
38 21 8113
38 22 4401
38 23 8451
38 24 5252
38 25 8348
38 27 8764
38 28 9192
38 29 6456
38 30 7373
38 32 9794
38 33 8720
38 35 904
38 39 3524
38 41 254
38 42 2972
38 43 9186
38 44 8180
38 45 1999
38 46 7361
38 47 3374
38 48 1894
38 49 5769
38 51 7742
38 56 5249
38 57 9870
38 59 702
38 63 3826
38 69 3466
38 70 1522
38 71 2234
38 72 5326
38 74 5246
39 1 6649
39 2 4488
39 3 5875
39 5 4896
39 6 1897
39 7 7496
39 8 6636
39 9 5250
39 10 8577
39 12 4414
39 14 4839
39 15 2777
39 16 3596
39 19 737
39 20 4258
39 24 9277
39 27 1480
39 30 5932
39 31 4950
39 34 1773
39 35 7155
39 36 4760
39 37 928
39 38 3553
39 40 4764
39 42 8636
39 44 5315
39 45 7157
39 46 7493
39 47 4035
39 51 5441
39 52 4522
39 53 5777
39 55 3627
39 58 8709
39 59 4308
39 60 532
39 61 940
39 63 2787
39 64 1118
39 65 1263
39 66 709
39 67 2729
39 70 7938
39 71 9070
39 72 3477
39 73 6339
40 0 6085
40 1 9205
40 2 5938
40 4 1985
40 7 6833
40 9 2825
40 10 6431
40 12 6258
40 13 4416
40 15 3123
40 16 2411
40 17 2226
40 18 3762
40 20 6094
40 21 9245
40 22 5624
40 23 4807
40 24 7027
40 26 2285
40 28 6989
40 30 9440
40 31 7838
40 32 2044
40 34 3078
40 36 8765
40 37 2855
40 38 2052
40 41 3522
40 42 9798
40 44 5219
40 45 1350
40 46 608
40 47 5786
40 48 2915
40 50 2198
40 51 1830
40 52 6697
40 55 5248
40 56 2189
40 57 1188
40 59 7594
40 61 4063
40 62 7078
40 63 1912
40 66 9257
40 67 4422
40 68 211
40 69 8371
40 71 8705
40 73 7278
41 0 689
41 1 3763
41 2 3485
41 3 7460
41 4 9452
41 7 8626
41 8 2658
41 9 9164
41 10 8173
41 11 211
41 13 6074
41 16 7407
41 17 2798
41 18 4799
41 19 4297
41 22 6598
41 26 5058
41 27 2702
41 28 9681
41 29 3699
41 33 6738
41 34 2805
41 35 7321
41 37 2910
41 40 3796
41 42 8959
41 46 1413
41 51 1168
41 54 5378
41 56 8009
41 58 3498
41 59 4422
41 60 4146
41 62 443
41 63 4098
41 65 5223
41 71 9547
41 72 3890
41 74 5426
42 0 3030
42 2 4875
42 4 7981
42 5 4062
42 8 6378
42 9 4917
42 10 6544
42 11 7094
42 12 8035
42 14 3285
42 15 3108
42 17 1231
42 18 3051
42 20 1562
42 22 6610
42 23 7083
42 24 6419
42 25 9639
42 26 1854
42 28 183
42 29 5580
42 34 1925
42 37 6395
42 39 4868
42 43 1253
42 44 6115
42 46 1824
42 47 6345
42 48 6627
42 50 1957
42 52 9257
42 53 2474
42 55 2118
42 60 6625
42 61 5590
42 62 4937
42 64 4537
42 65 8741
42 67 7944
42 68 5840
42 69 6470
42 72 9124
43 1 1964
43 2 4671
43 4 7943
43 5 5855
43 6 83
43 7 9429
43 8 8540
43 9 7157
43 10 7735
43 11 7862
43 12 1518
43 14 4868
43 15 6949
43 16 5276
43 18 2980
43 21 5216
43 25 6503
43 27 110
43 28 2511
43 29 867
43 30 5656
43 31 5572
43 33 8737
43 34 6583
43 36 6879
43 37 9630
43 38 5067
43 44 2140
43 46 2630
43 47 9336
43 50 6576
43 52 3211
43 54 1907
43 58 5791
43 61 8024
43 62 231
43 65 8942
43 66 2058
43 67 1700
43 68 6898
43 69 9043
43 70 9010
43 74 2766
44 0 3790
44 1 4863
44 2 3989
44 3 9242
44 4 2385
44 5 6045
44 6 9827
44 7 3412
44 11 654
44 13 6101
44 15 1874
44 16 5763
44 17 5024
44 21 4012
44 22 8344
44 24 297
44 25 4906
44 33 9689
44 36 8600
44 37 6617
44 38 8368
44 40 10000
44 42 7858
44 43 9089
44 45 4466
44 46 9312
44 47 7033
44 51 450
44 53 4928
44 54 3751
44 56 479
44 58 5876
44 60 3562
44 61 9857
44 62 5254
44 63 2412
44 65 3369
44 67 3714
44 69 1660
44 72 6525
44 74 8755
45 2 9110
45 4 9419
45 6 6653
45 7 3290
45 8 7531
45 11 9162
45 13 5416
45 14 751
45 15 7078
45 16 8427
45 21 1629
45 25 2681
45 27 5419
45 28 6246
45 29 3165
45 31 5158
45 32 9208
45 34 7915
45 36 6167
45 41 99
45 44 356
45 47 2217
45 49 7366
45 50 5608
45 54 9409
45 55 5430
45 56 3621
45 57 3213
45 62 3190
45 65 6486
45 66 9240
45 67 8239
45 70 1890
45 71 3212
45 72 6401
45 73 7579
45 74 4670
46 0 708
46 1 6261
46 2 280
46 3 3150
46 5 7333
46 6 7297
46 10 6112
46 11 9279
46 12 2541
46 13 9339
46 14 9084
46 18 1213
46 19 325
46 20 9696
46 24 9804
46 26 3107
46 27 8315
46 28 4374
46 29 1856
46 30 8930
46 31 5854
46 33 1895
46 41 9753
46 42 6713
46 44 5810
46 45 4106
46 47 2647
46 48 1854
46 49 2964
46 50 4981
46 51 2596
46 54 2175
46 56 4556
46 58 5522
46 59 3460
46 60 7768
46 63 2220
46 66 7625
46 68 4911
46 70 9451
46 71 5761
46 72 678
46 73 6535
47 1 2787
47 2 5403
47 5 7563
47 7 754
47 9 5286
47 15 1690
47 16 903
47 18 4852
47 19 766
47 21 864
47 23 7973
47 24 3447
47 25 1227
47 26 2238
47 27 9601
47 28 3722
47 29 7230
47 30 5757
47 32 459
47 33 7185
47 34 8228
47 35 4509
47 36 2158
47 37 6387
47 38 7089
47 40 2618
47 43 7114
47 44 4578
47 45 5071
47 48 1895
47 52 5703
47 54 48
47 55 5988
47 56 1117
47 59 1444
47 62 6752
47 63 6139
47 70 7598
47 73 9157
47 74 9323
48 0 9888
48 1 4621
48 3 8787
48 4 3667
48 5 4475
48 8 2552
48 10 8524
48 11 7280
48 12 353
48 14 56
48 15 2142
48 16 8474
48 17 5352
48 18 4000
48 20 7605
48 21 2061
48 22 9353
48 28 4330
48 29 1499
48 30 6767
48 35 12
48 36 2344
48 37 3826
48 38 8288
48 39 7865
48 40 5479
48 41 1404
48 43 6422
48 44 1023
48 45 6095
48 47 8848
48 50 883
48 52 3241
48 53 684
48 55 408
48 57 6045
48 58 2532
48 59 493
48 60 2511
48 61 2400
48 62 1370
48 63 592
48 64 4096
48 65 5419
48 66 3399
48 68 8322
48 70 100
48 72 6025
48 74 901
49 2 8339
49 4 4436
49 6 9471
49 9 8562
49 14 5510
49 15 1414
49 16 2339
49 17 9732
49 18 9825
49 19 3332
49 20 7804
49 25 973
49 27 660
49 28 3921
49 30 3580
49 32 3754
49 34 8759
49 37 2501
49 38 163
49 39 4427
49 40 4585
49 41 9528
49 42 2881
49 45 9164
49 46 9680
49 47 504
49 50 1313
49 51 4497
49 53 8854
49 55 3181
49 56 8602
49 57 3419
49 58 2424
49 60 3305
49 61 9908
49 62 6172
49 63 7383
49 65 6766
49 66 9917
49 67 6085
49 69 4885
49 70 8583
49 71 7017
49 72 786
49 73 7672
49 74 4272
50 0 2623
50 1 7926
50 6 4685
50 8 4386
50 10 4786
50 13 9141
50 14 7275
50 15 870
50 18 5596
50 20 3098
50 21 8111
50 22 1111
50 23 9783
50 25 5183
50 26 440
50 27 4935
50 28 7923
50 29 2634
50 30 6886
50 32 7790
50 36 5877
50 38 8525
50 39 1641
50 41 7032
50 43 5012
50 45 4102
50 46 9400
50 48 6858
50 52 350
50 53 2045
50 54 2784
50 56 6204
50 57 804
50 60 5148
50 62 6985
50 63 7076
50 64 4893
50 66 6272
50 68 5768
50 69 4165
50 70 6578
50 71 9842
50 73 792
50 74 8258
51 1 8046
51 5 5733
51 6 3554
51 10 9603
51 12 8165
51 13 7071
51 14 1231
51 16 7959
51 19 9081
51 22 5321
51 23 666
51 24 8500
51 28 5675
51 29 6605
51 30 5598
51 31 7842
51 32 76
51 37 4654
51 38 6023
51 41 9300
51 44 1153
51 45 1702
51 47 9882
51 48 4390
51 52 3519
51 55 8971
51 56 7368
51 59 6952
51 60 6824
51 61 6149
51 62 7480
51 63 3535
51 64 355
51 67 3378
51 68 6708
51 69 3043
51 70 6969
51 71 265
51 73 2287
52 0 477
52 1 5912
52 2 8312
52 5 1680
52 7 1456
52 8 7983
52 9 1768
52 10 533
52 14 8698
52 17 8114
52 21 2150
52 24 8872
52 26 2918
52 27 6206
52 28 8841
52 29 6457
52 30 9182
52 31 8988
52 32 2179
52 34 5509
52 36 3600
52 37 5561
52 38 2057
52 41 104
52 43 5350
52 45 2578
52 46 8081
52 47 1998
52 48 3654
52 49 2770
52 50 2805
52 51 6949
52 53 5070
52 54 5580
52 57 4877
52 59 2173
52 60 8090
52 62 5391
52 63 1944
52 65 9709
52 67 8840
52 68 7115
52 70 1926
52 71 9808
53 0 6817
53 1 4332
53 2 984
53 4 4112
53 6 5008
53 7 6747
53 8 9269
53 9 300
53 10 6319
53 12 1942
53 14 1034
53 16 7231
53 17 2024
53 18 9172
53 19 9637
53 20 6019
53 21 9372
53 23 5799
53 25 967
53 26 2781
53 27 7927
53 28 9289
53 34 6314
53 35 9295
53 36 8459
53 38 3931
53 40 803
53 41 2929
53 44 7587
53 47 534
53 48 4575
53 50 3087
53 51 1662
53 56 4118
53 58 1564
53 59 6831
53 60 1897
53 62 2436
53 64 774
53 67 7010
53 71 1403
53 72 8452
53 73 8013
54 0 6216
54 2 7833
54 6 8275
54 7 5617
54 9 4539
54 10 5847
54 13 7130
54 15 9408
54 17 5063
54 18 1652
54 21 8088
54 22 2804
54 23 3571
54 24 4551
54 25 9098
54 26 556
54 28 94
54 29 4071
54 30 3418
54 31 9274
54 33 6871
54 34 2331
54 35 7216
54 38 5034
54 40 6804
54 41 9224
54 42 9106
54 44 3715
54 46 1846
54 48 2442
54 50 2328
54 51 8810
54 56 9557
54 57 7446
54 59 5335
54 60 6579
54 62 2466
54 64 8593
54 65 7176
54 67 7746
54 68 1507
54 69 1031
54 70 4423
54 71 3024
54 72 8470
55 0 1194
55 2 8677
55 3 6234
55 7 8414
55 8 2397
55 10 3354
55 12 6041
55 13 1591
55 14 6656
55 15 2763
55 18 8757
55 20 546
55 22 5859
55 25 7091
55 27 1717
55 28 9382
55 30 9951
55 31 638
55 32 5789
55 34 3730
55 35 4634
55 37 5369
55 39 7014
55 40 2517
55 41 5577
55 42 8688
55 43 1328
55 44 2246
55 45 8896
55 46 5984
55 47 424
55 48 2238
55 52 9547
55 53 5168
55 54 8406
55 58 8671
55 60 7392
55 61 4046
55 62 3390
55 65 3533
55 66 4801
55 67 1101
55 68 2598
55 70 7881
55 71 6044
55 72 3458
55 73 8931
56 0 9261
56 3 648
56 5 3143
56 6 6419
56 8 4051
56 9 6961
56 10 7827
56 11 1274
56 12 770
56 13 6547
56 16 6986
56 18 7249
56 19 3563
56 21 3157
56 22 3468
56 23 6371
56 25 1024
56 28 5525
56 29 1087
56 30 9613
56 31 815
56 32 3317
56 33 6460
56 40 3950
56 41 9870
56 42 6542
56 43 1738
56 44 8671
56 45 4244
56 48 1984
56 52 4103
56 57 3901
56 59 5119
56 60 2896
56 62 7623
56 63 4525
56 64 4801
56 65 548
56 66 971
56 68 2536
56 73 2512
57 0 9626
57 10 8340
57 11 3048
57 12 6609
57 13 8759
57 14 4304
57 15 4123
57 17 136
57 18 6411
57 20 20
57 22 4074
57 23 7123
57 25 3913
57 27 9670
57 28 6483
57 31 8261
57 34 7438
57 35 9991
57 36 7531
57 38 9689
57 43 8065
57 45 9191
57 46 8365
57 47 9436
57 49 7353
57 52 1141
57 55 805
57 56 2471
57 58 6587
57 62 3438
57 64 4986
57 66 8595
57 67 4089
57 68 6420
57 69 7017
57 70 9923
57 71 2813
57 72 611
58 0 2520
58 2 6240
58 5 4161
58 10 7998
58 12 5991
58 14 2160
58 18 9586
58 19 521
58 22 9695
58 25 5086
58 28 3083
58 30 2261
58 32 5480
58 33 4622
58 34 9437
58 37 4167
58 41 2550
58 42 3894
58 43 1835
58 44 9953
58 45 3687
58 47 796
58 48 2302
58 49 2995
58 50 2103
58 52 7627
58 53 9005
58 55 7635
58 56 5456
58 57 435
58 60 4458
58 61 1203
58 62 4734
58 65 6829
58 66 8355
58 67 7985
58 69 4400
58 70 8767
59 1 4084
59 3 7016
59 4 294
59 7 2251
59 9 7634
59 11 7666
59 12 4841
59 13 479
59 15 848
59 16 834
59 20 857
59 21 11
59 22 3826
59 23 3011
59 26 3411
59 29 2678
59 30 9573
59 33 9405
59 34 4446
59 35 2472
59 36 924
59 37 3080
59 39 2228
59 40 68
59 41 4027
59 43 837
59 44 6872
59 46 3676
59 49 861
59 52 1431
59 53 178
59 54 7816
59 56 201
59 58 2899
59 60 1637
59 61 2641
59 65 271
59 66 6710
59 67 4408
59 68 8376
59 70 6357
59 73 883
59 74 7762
60 3 6217
60 5 8215
60 9 9741
60 12 593
60 13 2372
60 16 3290
60 18 3389
60 21 8538
60 22 7807
60 23 6788
60 24 8550
60 27 5526
60 30 5480
60 31 7979
60 32 5205
60 33 1747
60 34 8211
60 35 4784
60 37 4015
60 38 8520
60 42 8406
60 43 6391
60 44 8512
60 45 1693
60 46 8509
60 47 3345
60 48 8933
60 49 9479
60 50 6883
60 52 8146
60 53 1949
60 54 5590
60 55 278
60 61 9889
60 63 4299
60 64 103
60 65 8257
60 68 3823
60 71 6698
60 72 1411
61 0 4402
61 1 5374
61 4 6411
61 7 551
61 8 2098
61 9 5391
61 11 7740
61 12 3059
61 13 3719
61 17 7682
61 21 6769
61 23 6256
61 24 8649
61 25 786
61 26 8085
61 27 5777
61 31 8493
61 32 4960
61 33 1475
61 36 2151
61 37 904
61 39 5642
61 40 4816
61 42 7314
61 43 957
61 44 841
61 45 8469
61 50 4527
61 52 682
61 53 9440
61 54 4108
61 56 416
61 58 6339
61 59 570
61 60 415
61 62 2035
61 63 8351
61 64 8556
61 66 2996
61 67 8369
61 69 8742
61 70 1896
61 71 149
61 72 2857
61 73 9440
61 74 3893
62 1 696
62 3 8491
62 5 1435
62 6 8971
62 7 6650
62 8 2595
62 11 5202
62 12 3320
62 14 4593
62 16 4507
62 18 7533
62 20 3903
62 23 8189
62 26 6909
62 27 3645
62 28 958
62 33 4090
62 36 1078
62 41 9402
62 47 7529
62 49 8766
62 51 5150
62 52 174
62 53 3307
62 54 3452
62 55 6398
62 57 206
62 60 635
62 61 7709
62 63 2628
62 64 5500
62 67 5876
62 68 2734
62 69 8962
62 71 2127
62 72 7311
62 73 7293
62 74 1219
63 0 7162
63 1 9877
63 2 6520
63 4 9879
63 5 9967
63 6 8370
63 7 1159
63 13 3602
63 15 4973
63 16 1507
63 18 566
63 19 5743
63 20 5625
63 23 4242
63 25 4410
63 26 3134
63 28 3606
63 30 9894
63 31 3819
63 32 4823
63 33 2892
63 34 5445
63 36 3583
63 39 5960
63 40 8253
63 43 1203
63 45 8494
63 46 4953
63 47 3755
63 51 5747
63 52 8795
63 53 2494
63 54 2202
63 57 7977
63 58 4052
63 59 4826
63 60 2594
63 62 2809
63 64 309
63 66 8520
63 70 3321
63 72 3729
64 4 9449
64 8 9859
64 9 7975
64 10 5534
64 11 13
64 12 2858
64 13 4717
64 15 7775
64 19 4488
64 22 5130
64 23 9030
64 24 8099
64 25 5093
64 26 5203
64 28 4459
64 29 2353
64 31 5116
64 32 603
64 37 4996
64 39 1374
64 40 2122
64 41 2800
64 42 605
64 44 9001
64 45 8775
64 46 3652
64 47 106
64 48 5234
64 51 6860
64 52 3830
64 53 923
64 55 5013
64 56 1332
64 58 9864
64 60 910
64 61 562
64 63 53
64 65 5274
64 66 1586
64 67 7851
64 68 1418
64 69 8698
64 70 4294
64 72 707
65 1 3307
65 2 6416
65 4 2803
65 5 2864
65 8 4941
65 9 4686
65 10 8392
65 11 3863
65 14 8401
65 15 6415
65 16 4323
65 17 5626
65 19 4072
65 20 7566
65 27 7794
65 28 9942
65 31 31
65 35 4259
65 37 8370
65 38 6157
65 39 617
65 45 6317
65 47 9418
65 48 1918
65 50 6706
65 51 4508
65 52 1198
65 53 3246
65 54 2254
65 57 384
65 63 9612
65 64 4020
65 67 6247
65 69 3129
65 71 4177
65 72 2309
66 2 5694
66 5 2689
66 6 7935
66 7 5346
66 9 7915
66 10 5793
66 12 391
66 13 7429
66 16 8168
66 17 9717
66 20 2719
66 21 782
66 22 9414
66 24 5035
66 28 7690
66 29 8905
66 32 6212
66 33 5720
66 35 3820
66 41 2620
66 43 1236
66 44 1292
66 46 3491
66 47 168
66 48 5375
66 49 6870
66 50 1042
66 51 9137
66 52 3994
66 53 8454
66 55 3657
66 56 9573
66 57 4296
66 58 5417
66 60 4565
66 61 4294
66 62 1639
66 63 5882
66 65 4928
66 67 6178
66 68 3612
66 69 4324
66 73 9620
67 1 7797
67 2 6255
67 5 9830
67 6 4810
67 7 3273
67 8 9765
67 9 4908
67 11 5526
67 12 5128
67 13 1929
67 15 9107
67 16 7870
67 17 814
67 18 300
67 19 2851
67 20 7189
67 21 4046
67 22 2627
67 26 9836
67 28 8804
67 31 453
67 33 6324
67 34 1730
67 42 9697
67 44 3689
67 45 1023
67 46 5280
67 47 4960
67 49 3912
67 50 8249
67 52 8847
67 53 4380
67 54 4379
67 55 9000
67 56 9993
67 57 9128
67 60 4638
67 61 609
67 62 4287
67 63 8546
67 65 136
67 69 9837
67 71 5256
67 73 6021
68 0 8762
68 1 7470
68 4 1330
68 5 5383
68 8 6317
68 9 3684
68 11 2947
68 12 3991
68 14 9234
68 16 5754
68 17 5027
68 18 6912
68 20 103
68 21 9026
68 24 966
68 25 7434
68 27 7299
68 28 3554
68 29 2964
68 30 4709
68 32 2870
68 33 5029
68 37 1358
68 39 4940
68 43 5746
68 45 8108
68 47 9950
68 49 6364
68 50 3067
68 51 1641
68 53 1963
68 54 521
68 58 8041
68 59 1471
68 60 8937
68 61 6427
68 63 8168
68 65 3574
68 66 5837
68 69 5872
68 70 377
68 71 2766
69 1 7823
69 4 8837
69 8 7034
69 11 1480
69 13 7765
69 14 4435
69 15 5092
69 16 5480
69 17 5645
69 19 3063
69 21 7157
69 22 1815
69 23 4294
69 24 4926
69 26 3564
69 28 4473
69 30 3892
69 31 3624
69 32 4696
69 33 2528
69 37 3881
69 38 9913
69 39 9992
69 40 9232
69 43 5119
69 44 7144
69 45 6018
69 46 4451
69 47 3307
69 48 6012
69 49 4292
69 50 1078
69 51 5366
69 53 9176
69 57 1752
69 58 6754
69 60 9864
69 61 1389
69 63 2679
69 64 5300
69 68 2833
69 73 5552
69 74 6883
70 0 9558
70 1 7415
70 2 9629
70 4 6185
70 5 7709
70 6 2584
70 7 1477
70 11 5841
70 15 4285
70 16 1086
70 17 5531
70 19 9112
70 20 818
70 21 5589
70 22 7428
70 24 573
70 27 9905
70 28 5082
70 29 8432
70 30 6405
70 32 600
70 33 728
70 34 3098
70 35 7775
70 36 4155
70 37 8270
70 39 3457
70 40 6542
70 41 7354
70 43 3984
70 44 6840
70 45 1998
70 46 9623
70 47 3163
70 48 4144
70 50 3804
70 52 1557
70 55 1268
70 56 8989
70 58 5963
70 60 3644
70 61 466
70 63 3347
70 64 3956
70 65 890
70 66 8943
70 68 3041
70 69 9222
70 71 1041
70 73 7346
70 74 4069
71 2 8440
71 3 6049
71 5 4827
71 7 4184
71 10 7291
71 11 6038
71 12 2696
71 13 741
71 14 399
71 18 4266
71 20 3552
71 22 1969
71 23 9930
71 24 3339
71 25 7540
71 27 2909
71 28 782
71 29 2124
71 30 9014
71 31 2452
71 34 4466
71 35 5887
71 37 7424
71 39 7479
71 40 9474
71 41 2958
71 42 319
71 43 8001
71 44 3536
71 45 3034
71 46 8516
71 47 6644
71 48 2741
71 49 3254
71 50 1515
71 52 9433
71 54 1626
71 55 1472
71 57 3148
71 58 8753
71 60 7987
71 64 7817
71 65 2081
71 66 1291
71 72 5611
72 1 9962
72 2 8839
72 3 7599
72 4 9297
72 8 8842
72 9 5109
72 10 5675
72 11 5261
72 16 1891
72 18 3256
72 19 3045
72 21 4062
72 23 2029
72 25 7425
72 26 465
72 27 3896
72 28 2184
72 29 2349
72 30 5518
72 31 3358
72 33 562
72 34 3331
72 35 2320
72 36 5306
72 37 376
72 39 8899
72 41 4027
72 42 5478
72 43 4214
72 44 6232
72 48 4735
72 49 349
72 50 8547
72 55 785
72 56 4103
72 57 1341
72 58 7351
72 59 7216
72 61 1708
72 62 4633
72 64 1881
72 65 8208
72 68 3613
72 69 1725
72 70 6893
72 73 9365
73 1 1685
73 3 6960
73 4 1312
73 5 9099
73 6 2159
73 8 2358
73 10 7906
73 13 5837
73 15 8734
73 17 153
73 18 3943
73 20 3683
73 22 3964
73 25 9641
73 26 2179
73 27 4529
73 28 2260
73 29 4756
73 30 7664
73 32 6842
73 35 5467
73 38 1443
73 40 9492
73 44 6978
73 45 2979
73 46 1217
73 47 4567
73 49 6855
73 50 6534
73 52 9040
73 53 4680
73 54 1265
73 55 971
73 56 2038
73 57 4177
73 60 2690
73 61 2997
73 62 5475
73 63 3007
73 64 8068
73 66 9382
73 67 5059
73 68 2106
73 70 3754
73 74 9077
74 0 5763
74 1 2107
74 2 6946
74 5 321
74 9 4889
74 10 4771
74 14 4592
74 16 8668
74 17 8243
74 18 9256
74 19 374
74 22 8095
74 24 6513
74 25 2919
74 30 1256
74 31 9895
74 32 1562
74 33 4651
74 38 4590
74 40 5851
74 47 2617
74 51 7340
74 53 1089
74 54 372
74 55 8873
74 57 7316
74 58 2487
74 59 4414
74 60 6910
74 61 5503
74 66 6405
74 67 4643
74 68 8906
74 69 4264
74 70 7510
74 71 2160
74 72 5945
74 73 3094
