50
1871
0 1 4661
0 3 274
0 5 3792
0 6 7126
0 7 2331
0 8 4256
0 9 3149
0 10 4053
0 11 1749
0 12 8385
0 14 3168
0 15 6652
0 16 4533
0 18 6684
0 19 955
0 20 4919
0 21 4051
0 22 4289
0 23 1345
0 25 864
0 26 3546
0 28 4831
0 29 4810
0 30 4347
0 31 5333
0 34 9442
0 36 2603
0 38 1883
0 39 9189
0 40 4765
0 42 6217
0 43 9030
0 44 6294
0 45 9722
0 46 1815
0 47 8667
0 48 8108
0 49 3512
1 0 297
1 3 3981
1 4 8546
1 5 9695
1 6 6344
1 7 2359
1 11 3622
1 13 287
1 14 9498
1 15 7169
1 16 8388
1 17 413
1 18 6068
1 19 5666
1 20 1312
1 21 3096
1 22 7998
1 23 4544
1 24 7603
1 26 282
1 29 4262
1 30 4471
1 31 3908
1 36 3279
1 38 3719
1 39 1648
1 40 5291
1 41 3130
1 43 2924
1 44 5522
1 45 6841
1 47 5355
1 49 6389
2 1 6607
2 3 4547
2 4 6824
2 5 8630
2 6 6080
2 7 8613
2 8 9642
2 11 1203
2 12 3025
2 13 5822
2 14 4996
2 15 9920
2 16 8823
2 17 2169
2 19 9016
2 20 1334
2 21 4520
2 22 2499
2 25 5614
2 26 7239
2 28 2379
2 29 3416
2 31 3400
2 32 9418
2 33 738
2 34 6995
2 35 8282
2 36 8162
2 38 3502
2 39 1499
2 40 3987
2 41 3164
2 47 1850
2 48 8160
2 49 8461
3 1 7272
3 4 9015
3 5 156
3 6 1471
3 7 7487
3 9 2391
3 10 7422
3 12 8594
3 13 1062
3 14 7
3 15 8774
3 16 1050
3 18 7905
3 19 1655
3 21 281
3 22 6965
3 23 9419
3 24 5924
3 25 495
3 26 4370
3 27 7843
3 28 8324
3 29 2573
3 30 4155
3 31 9765
3 32 8510
3 34 405
3 35 2632
3 36 3020
3 37 8874
3 38 7166
3 39 5168
3 42 9183
3 43 9780
3 44 180
3 46 1216
3 47 8845
3 49 323
4 0 3482
4 1 8365
4 2 8896
4 3 7413
4 5 2481
4 6 7215
4 8 1843
4 9 9506
4 10 6402
4 11 6122
4 12 6148
4 13 1408
4 14 9612
4 16 9785
4 17 4231
4 18 9649
4 19 9002
4 20 9067
4 21 3433
4 22 9009
4 23 5791
4 24 211
4 25 3149
4 26 4042
4 27 5035
4 29 1847
4 30 1827
4 31 5421
4 32 2814
4 33 6523
4 34 1556
4 35 8966
4 36 2660
4 37 4931
4 38 3003
4 39 3575
4 41 2841
4 42 6155
4 43 50
4 44 8107
4 45 185
4 46 9374
4 47 8804
4 48 3503
4 49 2251
5 0 325
5 1 7264
5 2 7733
5 3 2328
5 4 2451
5 7 8918
5 8 5257
5 11 3094
5 12 6266
5 13 5429
5 14 4434
5 16 8430
5 18 6976
5 19 5909
5 20 2479
5 22 1080
5 23 5298
5 24 6896
5 25 2070
5 27 7355
5 30 9405
5 32 8297
5 33 7406
5 34 1568
5 35 7599
5 36 2449
5 37 2885
5 38 2375
5 39 4697
5 41 3227
5 42 731
5 43 7138
5 47 9674
5 48 1750
5 49 2838
6 0 2529
6 1 2990
6 2 865
6 3 6780
6 4 8130
6 7 4879
6 8 3081
6 9 6510
6 10 5452
6 11 8494
6 13 6162
6 14 7104
6 15 2935
6 17 6887
6 18 145
6 19 8305
6 20 16
6 21 4704
6 22 7282
6 24 339
6 27 4524
6 28 7662
6 30 6542
6 31 736
6 32 3903
6 33 92
6 34 5946
6 36 2430
6 39 7949
6 40 3957
6 41 2965
6 43 126
6 44 410
6 45 8406
6 46 3794
6 47 7187
6 48 4000
6 49 4852
7 0 2526
7 2 233
7 3 3064
7 4 9509
7 5 7898
7 6 4635
7 8 7309
7 9 5195
7 10 608
7 11 9159
7 13 2099
7 14 1262
7 16 9344
7 17 6406
7 18 4949
7 19 341
7 20 8407
7 21 8884
7 22 2499
7 23 6454
7 24 1607
7 25 9273
7 27 378
7 28 1888
7 29 6144
7 30 714
7 31 1027
7 32 6852
7 33 3344
7 34 5653
7 35 1447
7 37 5369
7 40 7504
7 41 2194
7 42 9991
7 43 8883
7 47 3969
7 49 3793
8 0 6219
8 1 2181
8 2 343
8 3 8813
8 4 1691
8 5 1527
8 6 8040
8 9 2995
8 10 9882
8 11 3347
8 15 7627
8 16 5735
8 17 9094
8 22 1013
8 24 5353
8 25 1056
8 27 3037
8 28 2670
8 29 4516
8 30 3182
8 31 7421
8 32 9712
8 34 4092
8 35 5974
8 37 5950
8 39 2914
8 40 3777
8 41 5617
8 42 436
8 43 2091
8 44 9640
8 46 7211
8 47 5215
8 48 1386
8 49 1139
9 0 4519
9 2 1194
9 4 6533
9 5 3156
9 6 1604
9 7 3312
9 10 6694
9 11 4988
9 12 9543
9 13 9867
9 15 3593
9 16 1307
9 17 224
9 18 9655
9 19 96
9 20 890
9 21 4247
9 22 6827
9 24 3435
9 25 5611
9 27 2579
9 28 2351
9 29 431
9 30 931
9 31 7386
9 33 6631
9 34 6715
9 36 5596
9 37 9619
9 40 9299
9 41 2671
9 42 9789
9 44 8086
9 45 1117
9 46 3713
9 47 1170
9 48 617
9 49 1901
10 0 4967
10 1 6687
10 4 2238
10 5 404
10 6 6224
10 7 536
10 8 4938
10 12 3517
10 13 9278
10 15 2976
10 16 7377
10 18 1207
10 19 1137
10 20 6744
10 21 39
10 24 8320
10 25 4377
10 26 7581
10 27 6676
10 28 2156
10 30 7677
10 31 4756
10 33 990
10 34 1237
10 35 4747
10 36 6737
10 38 5480
10 39 7868
10 40 8430
10 41 1007
10 42 4034
10 43 6654
10 44 7893
10 45 9642
10 46 2358
10 47 3424
10 48 6763
10 49 3097
11 0 8118
11 1 1842
11 2 9468
11 4 5393
11 5 4773
11 6 5519
11 8 4713
11 10 8807
11 12 3615
11 14 2417
11 15 6244
11 16 9877
11 17 6805
11 18 5318
11 21 6365
11 22 8121
11 23 1952
11 28 576
11 29 573
11 30 7494
11 31 1673
11 32 532
11 33 4745
11 34 2205
11 35 8339
11 36 2466
11 37 6767
11 39 6912
11 40 5456
11 41 2373
11 42 3524
11 43 7301
11 45 8609
11 46 734
11 48 8443
11 49 2953
12 1 5885
12 3 2304
12 4 3355
12 5 9267
12 6 6382
12 8 3773
12 9 261
12 11 823
12 15 1011
12 16 2030
12 17 8157
12 18 3071
12 19 5512
12 20 4804
12 21 6987
12 22 3840
12 23 2771
12 25 7491
12 26 5596
12 27 4883
12 28 5885
12 29 3087
12 30 6559
12 31 1605
12 32 42
12 33 2040
12 34 3903
12 35 1407
12 36 8007
12 37 5978
12 38 5610
12 39 5458
12 40 5580
12 41 6022
12 42 7911
12 43 7065
12 44 5986
12 45 1757
12 46 7807
12 47 1014
12 48 2347
12 49 5623
13 0 6336
13 2 784
13 3 1431
13 7 4288
13 8 345
13 9 5605
13 10 9404
13 11 6404
13 15 4991
13 16 867
13 17 6826
13 18 2487
13 19 8815
13 21 4399
13 22 6606
13 23 4244
13 25 9063
13 26 3698
13 27 7549
13 28 289
13 29 6024
13 30 3508
13 31 5288
13 32 4061
13 33 9784
13 34 3353
13 35 5986
13 36 6568
13 38 5986
13 39 8418
13 40 1592
13 41 1952
13 42 3424
13 44 3849
13 45 4738
13 46 8641
13 48 5482
14 0 4794
14 1 2800
14 2 7870
14 3 9556
14 4 2452
14 5 324
14 8 2234
14 9 6858
14 12 5315
14 13 5011
14 15 4599
14 16 521
14 17 2130
14 18 2807
14 19 5121
14 20 1232
14 23 954
14 24 7747
14 25 9989
14 26 6367
14 27 5661
14 29 3398
14 30 2059
14 31 7220
14 33 7981
14 36 9326
14 37 4473
14 38 3504
14 40 6485
14 42 8658
14 43 4694
14 44 8064
14 47 1015
14 48 4579
14 49 1648
15 0 7286
15 1 9537
15 2 9107
15 3 9019
15 4 6419
15 5 6608
15 6 568
15 8 6072
15 9 8510
15 11 6796
15 13 178
15 14 9316
15 16 2036
15 17 1
15 18 995
15 19 2623
15 20 114
15 21 9352
15 23 4018
15 24 7159
15 26 9239
15 28 9313
15 29 3254
15 30 8889
15 34 7339
15 35 9315
15 36 2946
15 37 7715
15 38 2469
15 39 7312
15 40 2750
15 41 671
15 44 2308
15 45 2530
15 47 4329
16 0 7616
16 1 6975
16 2 8385
16 3 4285
16 4 1531
16 5 362
16 6 7453
16 9 3460
16 10 5944
16 11 5934
16 12 458
16 14 8551
16 15 6392
16 17 7936
16 18 9780
16 20 2857
16 23 3034
16 24 4074
16 25 6239
16 26 8793
16 27 3645
16 28 4094
16 29 9218
16 30 8611
16 31 8672
16 32 2250
16 34 8725
16 35 7660
16 36 3691
16 37 8218
16 39 5276
16 40 4842
16 42 5429
16 43 4672
16 44 3535
16 45 2084
16 46 2611
16 48 7396
16 49 5599
17 1 843
17 2 9893
17 3 7386
17 4 6842
17 5 2914
17 7 5573
17 8 1061
17 9 3746
17 11 8044
17 12 8160
17 13 5771
17 14 7911
17 15 3286
17 16 1215
17 18 2161
17 19 9280
17 20 9640
17 21 2515
17 22 5829
17 23 3637
17 28 5478
17 29 9113
17 30 4124
17 31 6187
17 35 5336
17 36 6566
17 37 8797
17 38 8930
17 40 4591
17 41 8726
17 42 2006
17 44 4367
17 45 1719
17 47 7292
17 48 7559
18 1 2218
18 4 2257
18 5 7193
18 7 125
18 11 4470
18 12 9165
18 13 2764
18 14 3066
18 15 2717
18 17 7234
18 19 8822
18 20 8357
18 21 4622
18 22 5662
18 23 9766
18 24 8249
18 25 9805
18 26 2888
18 28 2184
18 29 9963
18 30 3594
18 31 4439
18 32 7528
18 34 5304
18 35 2980
18 37 2662
18 38 5851
18 40 9372
18 41 312
18 42 2006
18 43 677
18 44 7585
18 45 5983
18 47 6792
18 48 4674
19 0 2210
19 2 5894
19 5 9302
19 6 2462
19 7 2389
19 9 2803
19 11 6676
19 12 8987
19 13 2157
19 14 2553
19 15 4122
19 16 1417
19 17 6009
19 18 7547
19 21 6422
19 22 2609
19 23 6351
19 24 300
19 25 2274
19 26 3293
19 27 2975
19 28 2339
19 31 35
19 32 2106
19 33 7749
19 35 540
19 36 4084
19 37 9953
19 38 5760
19 40 3145
19 41 4648
19 42 2671
19 44 5453
19 45 3415
19 46 3926
19 47 6127
19 49 8523
20 0 1056
20 1 6539
20 4 4388
20 5 4891
20 6 3486
20 7 7309
20 8 9536
20 10 234
20 11 433
20 12 7082
20 13 6012
20 14 6321
20 18 3353
20 19 5133
20 23 7592
20 25 8504
20 26 7416
20 27 8253
20 28 4718
20 29 6964
20 30 8603
20 31 9778
20 33 7049
20 36 3868
20 38 7058
20 40 1019
20 41 3048
20 42 7444
20 44 5023
20 45 4735
20 46 6241
20 47 8117
20 48 6169
20 49 4424
21 0 7968
21 1 8803
21 3 1318
21 6 8927
21 8 3488
21 9 1821
21 10 9705
21 11 8322
21 13 1400
21 14 9815
21 15 798
21 16 8030
21 17 6490
21 18 24
21 19 3197
21 22 895
21 26 5749
21 27 2849
21 28 1514
21 29 3755
21 30 8361
21 31 622
21 32 7877
21 33 5827
21 35 38
21 36 3055
21 37 4856
21 38 4331
21 39 8305
21 40 9796
21 41 5809
21 42 3553
21 43 9134
21 44 4983
21 48 3707
21 49 9914
22 0 5990
22 1 8201
22 3 1433
22 4 3179
22 5 3039
22 8 3933
22 9 3720
22 11 3242
22 12 169
22 13 6881
22 14 9050
22 16 6046
22 17 6442
22 18 1538
22 19 6409
22 20 2916
22 21 8540
22 24 9040
22 25 7143
22 26 5036
22 27 1856
22 28 2971
22 29 2685
22 30 8715
22 31 7777
22 32 6780
22 34 6157
22 37 9905
22 38 1726
22 39 6567
22 40 8403
22 41 2557
22 42 2538
22 43 3646
22 44 4262
22 46 1456
22 47 1467
22 49 5153
23 0 2211
23 1 707
23 4 1260
23 5 2586
23 6 3397
23 9 7386
23 10 3582
23 11 3013
23 12 9708
23 13 7699
23 14 2534
23 15 5951
23 16 3329
23 17 5675
23 18 471
23 19 7288
23 20 401
23 21 6034
23 22 5474
23 24 2904
23 25 5619
23 26 1423
23 27 8559
23 32 4482
23 33 5906
23 34 2973
23 35 362
23 37 3833
23 38 881
23 40 1310
23 41 7729
23 42 5958
23 44 7584
23 45 1103
23 46 2176
23 48 6278
24 0 8157
24 1 9805
24 2 6122
24 3 1834
24 4 5682
24 5 7493
24 7 8799
24 9 9436
24 10 5546
24 11 5679
24 12 1179
24 14 6471
24 15 9240
24 16 845
24 17 7084
24 18 5763
24 19 4575
24 20 7357
24 21 2604
24 22 7066
24 23 2088
24 25 4292
24 26 7282
24 28 2513
24 29 1973
24 30 8688
24 31 3772
24 32 8729
24 34 1823
24 35 8528
24 36 2292
24 38 2602
24 39 6414
24 42 4241
24 43 7151
24 45 3686
24 46 7093
24 48 3531
25 0 8252
25 2 4539
25 3 7783
25 5 7334
25 6 3844
25 7 90
25 8 5549
25 9 9143
25 10 3703
25 11 8496
25 14 6634
25 15 7244
25 16 5230
25 17 8215
25 18 8840
25 19 6913
25 22 3548
25 23 5337
25 24 4648
25 26 1326
25 27 4534
25 28 732
25 29 3067
25 30 6630
25 32 6698
25 35 6907
25 36 2535
25 37 4445
25 39 9367
25 40 2702
25 41 7553
25 42 4763
25 43 3116
25 44 4150
25 45 7519
25 46 9239
25 47 1893
25 48 1532
25 49 898
26 2 1133
26 3 8049
26 4 5665
26 6 2231
26 8 297
26 9 3587
26 10 3683
26 12 2164
26 13 3062
26 14 9784
26 15 2855
26 16 2469
26 17 6495
26 18 5197
26 19 5403
26 21 7291
26 22 4490
26 23 8042
26 25 5291
26 27 37
26 28 9937
26 29 5749
26 30 6522
26 31 6913
26 33 2636
26 34 8571
26 35 9705
26 36 423
26 38 8591
26 39 5010
26 40 5415
26 41 6492
26 43 7804
26 45 9745
26 47 9763
26 48 1371
26 49 3193
27 2 657
27 4 8412
27 5 4618
27 6 2027
27 7 558
27 8 3733
27 9 2135
27 10 3816
27 11 5308
27 12 8523
27 13 8937
27 14 3460
27 16 1560
27 17 3081
27 18 9437
27 21 7735
27 22 5408
27 23 512
27 24 9019
27 25 3434
27 28 8820
27 29 5615
27 30 7898
27 31 5222
27 36 8296
27 38 4738
27 39 4638
27 40 6324
27 41 1399
27 42 8631
27 43 6792
27 44 1748
27 45 7700
27 46 1450
27 47 7604
27 48 8698
27 49 3453
28 0 1751
28 2 6560
28 3 148
28 4 7122
28 5 5702
28 6 7313
28 7 8629
28 9 8172
28 10 4389
28 11 3363
28 12 936
28 13 184
28 14 7590
28 15 9661
28 16 3296
28 17 2683
28 18 6795
28 20 2456
28 21 4000
28 22 4331
28 23 7694
28 25 3892
28 26 6652
28 27 7973
28 29 9833
28 30 2362
28 31 5000
28 32 9574
28 33 5633
28 34 3634
28 35 2474
28 36 7486
28 37 1728
28 39 2793
28 40 4055
28 41 263
28 42 4542
28 43 4960
28 44 6036
28 45 5562
28 47 8987
28 48 5084
28 49 5005
29 0 4363
29 1 4197
29 2 6522
29 3 999
29 4 6691
29 5 4402
29 6 8951
29 7 4946
29 9 9265
29 10 8637
29 11 4752
29 12 3987
29 13 8734
29 14 2722
29 15 3637
29 16 2156
29 17 9487
29 18 182
29 20 5335
29 21 7665
29 24 4101
29 25 8267
29 26 4971
29 27 1335
29 30 6086
29 32 8304
29 33 6910
29 34 3149
29 35 4694
29 36 4836
29 37 6449
29 38 1503
29 39 6191
29 40 2043
29 42 1114
29 43 1081
29 44 9066
29 45 8386
29 46 8154
29 47 3329
29 48 7323
29 49 1529
30 0 4630
30 1 7585
30 2 3744
30 3 4068
30 5 3343
30 9 5294
30 10 9580
30 11 9877
30 12 6500
30 13 6509
30 14 2225
30 16 7099
30 17 1443
30 18 7827
30 19 1646
30 20 6202
30 21 3514
30 22 3143
30 25 4793
30 28 7277
30 29 6973
30 31 4902
30 32 1262
30 33 788
30 34 6432
30 35 6130
30 36 890
30 37 7733
30 38 2842
30 40 1830
30 42 1437
30 43 6698
30 45 5361
30 46 2830
30 47 1643
30 48 4423
30 49 8586
31 0 6441
31 1 6710
31 2 4242
31 3 308
31 4 9473
31 5 9980
31 7 7032
31 8 1047
31 9 7937
31 10 2798
31 11 3607
31 12 1889
31 14 4361
31 15 6131
31 16 1702
31 17 3354
31 18 8102
31 19 8990
31 20 1654
31 22 125
31 23 7673
31 26 9573
31 27 3649
31 28 2506
31 29 9133
31 30 6265
31 32 7532
31 34 2181
31 37 2948
31 38 3113
31 39 5846
31 40 292
31 41 6349
31 42 1185
31 43 1869
31 44 6699
31 46 8843
31 48 9816
31 49 4385
32 0 9955
32 1 3414
32 2 7048
32 3 4520
32 4 2274
32 5 5126
32 6 2837
32 7 761
32 8 9103
32 10 1169
32 11 3142
32 12 3502
32 13 2282
32 16 2709
32 20 2715
32 24 1858
32 25 1573
32 26 8014
32 28 9740
32 29 3752
32 30 6482
32 31 1459
32 33 3450
32 35 7642
32 36 4967
32 38 6281
32 39 4267
32 40 6349
32 41 3906
32 42 5646
32 43 4237
32 44 839
32 45 953
32 46 966
32 47 5560
32 48 5120
32 49 6156
33 1 7253
33 5 3037
33 6 470
33 7 4901
33 8 8412
33 9 3172
33 10 3297
33 11 5033
33 12 5864
33 13 428
33 14 5672
33 15 9033
33 16 2896
33 18 2979
33 19 4804
33 20 4316
33 22 3729
33 24 8829
33 25 5820
33 26 4699
33 28 5392
33 29 5939
33 30 4341
33 32 7654
33 34 5343
33 35 3095
33 36 1923
33 38 4318
33 39 396
33 40 8399
33 41 4248
33 42 8336
33 43 7443
33 45 9380
33 46 1840
33 47 7299
33 48 1069
34 1 6336
34 3 4300
34 4 1157
34 5 6263
34 7 9014
34 8 2658
34 10 4766
34 11 9509
34 12 3143
34 14 4866
34 15 17
34 18 7557
34 19 8907
34 20 8205
34 21 7075
34 22 5992
34 23 8544
34 24 3320
34 25 6109
34 26 6234
34 27 7479
34 28 137
34 29 6835
34 30 487
34 31 4873
34 32 7576
34 36 5954
34 37 6571
34 38 1885
34 40 5582
34 41 9560
34 43 5449
34 44 6813
34 45 732
34 46 9013
34 47 9534
34 48 769
34 49 4751
35 0 4413
35 1 4002
35 2 8374
35 3 9733
35 4 2695
35 5 3237
35 6 1324
35 7 2452
35 8 6037
35 9 3274
35 11 6262
35 12 3504
35 13 6123
35 15 9767
35 16 4795
35 18 4394
35 19 1309
35 20 647
35 21 9817
35 22 4939
35 23 643
35 25 9693
35 26 12
35 27 9807
35 28 2611
35 30 528
35 31 5697
35 32 476
35 34 3441
35 36 7358
35 37 8543
35 38 4091
35 39 3705
35 40 8862
35 43 3663
35 46 8375
35 48 6506
35 49 5737
36 1 9227
36 2 8879
36 3 468
36 5 2264
36 6 3065
36 7 5192
36 8 9728
36 9 8230
36 10 5894
36 11 3372
36 12 3556
36 14 5478
36 15 7836
36 16 1780
36 17 3893
36 18 7902
36 19 5983
36 21 3457
36 22 757
36 24 1784
36 25 6025
36 29 1707
36 30 3815
36 31 8131
36 32 3222
36 37 3824
36 38 6165
36 41 8690
36 42 6349
36 45 2606
36 46 3440
36 47 7725
36 48 6064
36 49 6704
37 0 4816
37 2 3487
37 3 1737
37 4 1845
37 5 6438
37 6 4980
37 7 2470
37 8 6195
37 9 7985
37 10 8313
37 11 1874
37 12 2443
37 14 7474
37 15 6066
37 16 6059
37 18 8233
37 20 2215
37 21 7279
37 22 2353
37 23 2920
37 24 1342
37 25 135
37 26 3719
37 27 1048
37 28 2864
37 30 567
37 31 5656
37 33 921
37 34 2608
37 36 6228
37 38 4832
37 39 8238
37 40 9556
37 41 5258
37 43 1251
37 45 9380
37 46 8337
37 48 8294
37 49 1087
38 0 3137
38 2 9730
38 5 2712
38 6 1405
38 7 5523
38 8 9023
38 11 8243
38 12 9482
38 13 7324
38 14 5563
38 17 2780
38 18 5265
38 19 7124
38 21 6359
38 22 8705
38 23 1816
38 24 6032
38 25 2694
38 26 6732
38 27 3486
38 28 2680
38 29 2494
38 31 7353
38 32 4102
38 33 7312
38 34 2221
38 35 7971
38 36 3069
38 37 8999
38 40 5372
38 41 6894
38 42 7014
38 43 4956
38 44 7501
38 45 1635
38 46 6107
38 49 5573
39 1 7989
39 2 6842
39 3 2186
39 4 4160
39 5 3237
39 7 8508
39 8 2205
39 9 1456
39 10 7132
39 11 3061
39 12 885
39 13 8785
39 15 5993
39 16 849
39 17 4481
39 19 4363
39 21 5236
39 23 1055
39 24 2001
39 25 9401
39 27 404
39 28 1011
39 29 7854
39 30 3466
39 31 8394
39 32 1092
39 33 1817
39 34 2455
39 36 2007
39 37 3968
39 38 6378
39 40 894
39 41 6765
39 43 1012
39 45 3848
39 46 1742
39 48 5276
40 0 4891
40 1 3966
40 2 7075
40 3 7846
40 4 5519
40 5 6029
40 8 4430
40 9 5858
40 10 6768
40 11 5487
40 12 9041
40 13 2162
40 14 8636
40 15 8479
40 16 8347
40 17 957
40 18 9522
40 19 5219
40 20 2296
40 21 2144
40 22 8939
40 24 4774
40 25 69
40 26 523
40 28 7957
40 29 8889
40 30 5003
40 31 313
40 33 40
40 34 7923
40 35 671
40 37 7040
40 38 3611
40 41 3521
40 43 1164
40 44 1259
40 45 3753
40 46 2797
40 47 6571
40 48 5759
40 49 6789
41 1 9264
41 2 591
41 3 1556
41 4 9518
41 5 6616
41 6 4969
41 8 5163
41 9 4955
41 10 3413
41 11 5566
41 14 6266
41 15 1991
41 17 2186
41 18 6478
41 20 8120
41 21 9055
41 22 2900
41 23 8708
41 24 314
41 25 7616
41 26 9257
41 27 3420
41 29 2028
41 30 7431
41 32 4242
41 33 9197
41 35 6889
41 36 8895
41 37 3896
41 39 4935
41 40 7327
41 42 8557
41 44 6149
41 45 1755
41 46 5182
41 47 4166
41 48 9192
41 49 2350
42 0 6492
42 1 5102
42 2 2646
42 3 1977
42 4 7664
42 5 9178
42 7 4544
42 8 8766
42 9 8836
42 10 5705
42 11 9659
42 12 9733
42 13 2425
42 14 1688
42 15 4825
42 18 1534
42 19 1244
42 20 8686
42 21 3057
42 22 4235
42 23 1466
42 24 8463
42 25 9116
42 27 7944
42 28 5206
42 30 4693
42 31 9651
42 32 7201
42 34 1829
42 35 7218
42 36 5209
42 37 7338
42 38 5582
42 39 6720
42 40 9147
42 41 7127
42 43 6407
42 44 9173
42 45 7009
42 46 9861
42 47 6724
42 48 4028
42 49 4928
43 0 365
43 1 8283
43 2 6651
43 3 2309
43 4 273
43 7 6850
43 8 3784
43 9 9855
43 10 8080
43 11 7027
43 13 1449
43 14 8226
43 15 5416
43 16 3307
43 17 8333
43 18 9186
43 19 5265
43 22 6692
43 25 886
43 26 6712
43 27 3287
43 28 6011
43 32 9318
43 33 3606
43 34 3683
43 36 2181
43 37 6380
43 38 9722
43 40 3508
43 41 7421
43 42 9713
43 44 7614
43 45 8051
43 46 714
43 48 2907
43 49 9104
44 0 4264
44 1 6402
44 2 7391
44 3 7299
44 4 8052
44 5 5254
44 7 6708
44 9 8042
44 11 8539
44 12 9444
44 13 6422
44 15 8736
44 16 219
44 18 9487
44 19 1029
44 20 1417
44 21 8582
44 22 5721
44 23 9829
44 24 769
44 25 3954
44 26 505
44 28 2244
44 29 1941
44 30 6341
44 31 4745
44 32 5594
44 35 1785
44 37 248
44 38 2606
44 39 3256
44 40 3026
44 41 714
44 42 5278
44 45 1676
44 46 1210
44 47 4121
44 49 5730
45 0 6767
45 1 330
45 2 2000
45 3 7280
45 4 5671
45 5 9811
45 6 7638
45 7 1102
45 8 6520
45 9 4679
45 11 145
45 12 8086
45 13 6679
45 14 7058
45 15 6789
45 16 1717
45 18 441
45 19 8451
45 20 3268
45 22 9191
45 25 8458
45 26 7199
45 27 4740
45 28 1542
45 29 9241
45 31 3318
45 32 1354
45 33 2939
45 35 1618
45 36 8331
45 37 4800
45 38 1520
45 40 4139
45 41 4893
45 42 3303
45 43 4712
45 47 594
45 48 8440
46 0 9792
46 1 9542
46 2 3643
46 3 24
46 4 4357
46 6 7207
46 7 692
46 9 7490
46 10 4573
46 12 3404
46 14 9789
46 17 2187
46 18 654
46 21 6642
46 22 3590
46 23 7156
46 26 1324
46 29 7693
46 30 1554
46 33 7876
46 34 2364
46 35 4940
46 38 1856
46 39 8655
46 43 1629
46 44 5933
46 45 6438
46 47 535
47 1 6435
47 2 4557
47 3 6148
47 4 4441
47 5 4899
47 6 2010
47 7 3039
47 8 7078
47 10 2553
47 12 3522
47 13 8071
47 14 321
47 15 6297
47 16 2456
47 17 7686
47 19 6350
47 20 984
47 21 3618
47 22 6389
47 23 1617
47 24 3896
47 26 9844
47 27 7855
47 28 5548
47 29 1677
47 31 4757
47 33 2242
47 34 7688
47 35 6021
47 36 7405
47 37 207
47 38 9444
47 42 6204
47 43 7307
47 45 9324
47 48 5695
48 0 5483
48 1 1969
48 2 3781
48 3 3618
48 4 3642
48 5 1559
48 6 9477
48 7 7847
48 8 6026
48 9 7229
48 10 3437
48 12 4017
48 13 5259
48 14 9182
48 15 1148
48 16 1349
48 17 2413
48 18 2317
48 19 2930
48 20 2754
48 21 4450
48 23 2393
48 25 1206
48 27 3192
48 31 6811
48 33 2962
48 34 8686
48 35 4535
48 36 7
48 37 3721
48 38 3269
48 40 8314
48 43 5967
48 44 2521
48 45 607
48 47 8069
48 49 3852
49 0 2718
49 1 9453
49 2 7855
49 3 3612
49 4 1103
49 5 2562
49 6 4205
49 7 144
49 8 2103
49 9 6504
49 10 6330
49 11 9780
49 13 7716
49 14 1884
49 15 6802
49 16 8218
49 18 6370
49 19 908
49 20 8813
49 21 2689
49 23 8114
49 24 8527
49 25 9390
49 26 4128
49 27 9734
49 28 7575
49 30 2644
49 31 8189
49 32 2231
49 33 4917
49 34 7308
49 35 1964
49 37 7430
49 38 3055
49 39 8720
49 40 4844
49 43 1784
49 44 284
49 45 601
49 47 8732
49 48 7409
