60
2345
0 1 3276
0 2 5805
0 7 2865
0 9 6600
0 11 7542
0 12 6350
0 13 2602
0 14 5620
0 15 1427
0 16 9219
0 17 5974
0 20 4273
0 21 3549
0 27 3492
0 28 8281
0 31 1876
0 32 7304
0 34 3303
0 35 5491
0 37 5015
0 39 8924
0 44 7685
0 45 9165
0 48 9091
0 50 4702
0 51 6276
0 52 8563
0 53 7514
0 55 7439
0 56 4901
0 57 9304
0 58 1588
1 0 1795
1 2 1330
1 3 5926
1 4 3810
1 7 1009
1 9 8251
1 10 7316
1 12 5455
1 14 8197
1 15 64
1 17 5536
1 18 5673
1 19 3032
1 20 5003
1 21 2782
1 22 9616
1 23 7890
1 24 3
1 25 3640
1 26 5651
1 27 9068
1 28 1570
1 30 7503
1 32 975
1 34 9820
1 35 9960
1 36 1113
1 37 6858
1 39 6608
1 40 810
1 41 3100
1 42 2767
1 43 6501
1 44 3333
1 46 2216
1 47 8231
1 48 7235
1 54 823
1 56 3143
1 57 613
1 59 1117
2 0 8981
2 1 5593
2 6 4664
2 7 1468
2 8 8111
2 9 2075
2 10 183
2 11 7463
2 12 3951
2 13 2576
2 14 5497
2 15 249
2 16 5418
2 17 4149
2 18 9051
2 19 7928
2 20 4626
2 21 4833
2 22 3680
2 23 2784
2 24 8590
2 25 9995
2 27 8627
2 28 1750
2 29 3596
2 30 7545
2 31 1422
2 32 8824
2 33 5531
2 34 6347
2 36 6205
2 37 1203
2 39 5902
2 41 9544
2 42 9362
2 43 3040
2 44 2341
2 45 1656
2 46 9734
2 47 9577
2 49 5672
2 50 418
2 52 9020
2 53 8294
2 54 4875
2 57 7443
2 58 2617
2 59 1847
3 0 9191
3 2 5636
3 4 4300
3 5 888
3 6 7143
3 7 6146
3 8 4485
3 15 6822
3 16 9577
3 17 1154
3 18 7734
3 20 4360
3 21 2762
3 22 3862
3 23 1813
3 25 6813
3 26 3786
3 27 1021
3 29 8058
3 31 3284
3 35 9553
3 38 6706
3 39 5653
3 40 1202
3 41 9056
3 42 7297
3 43 5510
3 44 4271
3 46 4374
3 49 9862
3 50 9720
3 51 1271
3 53 4263
3 54 9631
3 55 3705
3 56 5961
3 58 379
4 2 9315
4 5 4843
4 7 773
4 8 1352
4 10 1038
4 11 5650
4 12 6522
4 13 9256
4 14 1182
4 15 5727
4 16 181
4 17 3190
4 19 4556
4 20 1253
4 21 3311
4 22 5716
4 23 4058
4 25 5763
4 26 7249
4 28 723
4 30 2550
4 31 8610
4 32 4725
4 33 3338
4 35 3970
4 36 9777
4 37 8292
4 38 8713
4 39 4767
4 40 7231
4 41 4743
4 44 6873
4 45 6814
4 46 6791
4 49 5874
4 52 6003
4 53 9230
4 54 2688
4 55 3764
4 58 9612
5 0 3763
5 1 423
5 2 4863
5 3 3811
5 4 7817
5 6 9007
5 7 8197
5 8 776
5 9 6867
5 12 7212
5 13 2013
5 15 7558
5 17 2168
5 21 7129
5 25 548
5 26 6977
5 27 911
5 30 5097
5 31 4284
5 34 9808
5 35 1034
5 36 917
5 37 3805
5 38 4257
5 39 8154
5 40 4272
5 41 7445
5 42 6786
5 43 1291
5 44 3263
5 50 6111
5 51 5680
5 53 5235
5 54 4032
5 55 8224
5 56 4216
5 57 5762
5 59 6954
6 0 2156
6 1 5282
6 2 5312
6 3 5733
6 4 7556
6 5 488
6 9 8595
6 10 2505
6 11 6583
6 14 2879
6 15 6714
6 17 6281
6 18 8076
6 19 2793
6 22 4269
6 23 8624
6 25 6261
6 26 4450
6 27 7680
6 29 5956
6 30 6582
6 31 4815
6 32 6296
6 34 3087
6 37 4541
6 38 4339
6 41 6658
6 42 3113
6 43 8860
6 44 8716
6 45 2744
6 46 9664
6 48 7861
6 49 9640
6 51 2939
6 52 1502
6 54 9363
6 55 7604
6 57 7148
6 59 1641
7 0 9930
7 1 1856
7 2 1250
7 3 9046
7 4 9251
7 6 3064
7 8 1599
7 9 9717
7 10 8742
7 11 8235
7 12 3034
7 13 1927
7 17 2897
7 18 2065
7 19 3437
7 23 9777
7 24 2145
7 25 6738
7 27 5134
7 31 4253
7 32 3542
7 35 9251
7 37 330
7 38 857
7 39 4886
7 40 8430
7 41 543
7 42 6748
7 43 6267
7 44 4833
7 45 574
7 46 3050
7 47 8225
7 50 9040
7 51 3843
7 52 2383
7 54 7778
7 55 5630
7 57 4032
7 59 8812
8 0 560
8 1 4560
8 3 1059
8 6 563
8 9 7127
8 10 2841
8 11 7420
8 12 172
8 13 313
8 18 6967
8 19 7780
8 20 6231
8 22 6329
8 25 5634
8 26 454
8 27 5521
8 28 7420
8 32 4374
8 33 2185
8 34 1440
8 36 7987
8 37 7609
8 39 8099
8 40 6550
8 41 1843
8 42 5726
8 43 3762
8 45 3940
8 46 3978
8 47 4554
8 49 8691
8 50 9565
8 54 4788
8 56 9107
9 1 2957
9 2 3914
9 6 8273
9 7 5802
9 11 2838
9 12 8800
9 14 6720
9 15 4493
9 16 7805
9 17 4849
9 18 5302
9 20 9658
9 21 5655
9 23 4918
9 24 7833
9 26 7723
9 27 8523
9 29 7551
9 30 9480
9 31 5310
9 32 4192
9 35 5891
9 37 8798
9 38 7419
9 42 6322
9 43 6826
9 44 9746
9 45 5790
9 46 9666
9 49 2920
9 50 2483
9 51 2968
9 52 30
9 53 9573
9 55 4687
9 56 4662
9 57 4012
9 58 5203
9 59 3360
10 0 5982
10 1 3601
10 2 7010
10 4 9094
10 5 4903
10 6 3952
10 8 3057
10 11 4122
10 12 7783
10 13 5092
10 14 5990
10 15 4935
10 16 9533
10 17 9054
10 19 1617
10 20 4319
10 26 1945
10 28 1378
10 29 4502
10 30 8268
10 31 1589
10 32 6553
10 33 9680
10 34 7957
10 36 6751
10 39 9260
10 40 815
10 41 7261
10 45 4574
10 46 2976
10 47 7019
10 49 45
10 50 3569
10 51 451
10 53 8612
10 54 302
10 57 8338
10 59 648
11 0 9161
11 1 2228
11 3 4975
11 4 9883
11 5 7998
11 8 5593
11 9 5443
11 10 5622
11 12 1013
11 13 9200
11 14 7815
11 15 5739
11 16 8151
11 17 2291
11 18 7281
11 19 7807
11 20 9088
11 22 3897
11 23 4487
11 24 1461
11 26 8166
11 27 6991
11 29 4976
11 30 7175
11 31 4072
11 32 1334
11 35 3152
11 36 9951
11 37 4082
11 38 9438
11 39 1206
11 40 3999
11 43 6259
11 44 1466
11 45 542
11 46 7062
11 47 8376
11 48 578
11 49 3706
11 50 597
11 51 9181
11 52 68
11 53 3018
11 54 2059
11 56 8234
11 57 5727
11 59 7538
12 0 5101
12 2 2443
12 3 5611
12 4 8544
12 6 5820
12 10 9730
12 11 6554
12 13 5422
12 14 3261
12 15 7776
12 16 1301
12 17 3863
12 18 1118
12 19 1105
12 21 2913
12 23 3433
12 25 3346
12 26 6500
12 29 8839
12 30 843
12 31 848
12 32 4776
12 33 7163
12 36 1382
12 38 9917
12 39 7523
12 40 6765
12 43 1096
12 45 1539
12 46 7834
12 47 4066
12 49 8356
12 50 9040
12 53 3740
12 54 4033
12 55 5457
12 57 908
13 0 5911
13 1 9127
13 3 4037
13 4 3832
13 7 2199
13 8 5557
13 11 9614
13 12 6663
13 14 5680
13 15 3198
13 17 5034
13 19 2711
13 20 7287
13 21 5615
13 22 4997
13 23 3119
13 25 2626
13 26 1860
13 27 9429
13 28 3279
13 29 3070
13 31 8050
13 33 8032
13 38 3406
13 39 8564
13 40 1183
13 41 8012
13 44 9061
13 45 3339
13 48 2769
13 49 7500
13 50 2431
13 51 9526
13 56 1591
13 57 3916
13 58 4211
14 1 4517
14 2 1632
14 3 1900
14 5 8109
14 7 79
14 8 8157
14 9 1668
14 11 8092
14 12 763
14 15 1866
14 19 206
14 20 2905
14 21 6441
14 23 7611
14 26 9825
14 28 3370
14 29 1563
14 30 7813
14 31 8974
14 32 9070
14 34 1495
14 35 9139
14 36 180
14 37 1970
14 42 8663
14 44 9533
14 45 6484
14 46 4627
14 47 8427
14 48 632
14 52 4729
14 53 8938
14 55 5920
14 56 2956
14 57 4526
14 58 660
15 1 6813
15 2 5346
15 3 7883
15 5 4381
15 6 8161
15 7 2606
15 8 5435
15 9 4337
15 10 5940
15 11 8903
15 12 1245
15 13 9645
15 14 8345
15 16 5040
15 19 9923
15 20 2250
15 21 3940
15 22 5254
15 23 5736
15 24 268
15 27 2217
15 28 6738
15 31 5270
15 32 4866
15 34 6348
15 37 6403
15 38 4235
15 39 7983
15 40 7264
15 41 4555
15 42 7333
15 43 597
15 44 9934
15 45 7974
15 46 7466
15 47 1409
15 48 7544
15 50 4719
15 51 704
15 52 4361
15 53 4088
15 54 4529
15 55 8431
15 56 5399
15 58 5526
15 59 6488
16 0 6778
16 1 2816
16 2 3179
16 4 2087
16 5 38
16 6 2078
16 8 1490
16 9 2980
16 10 8698
16 11 255
16 12 6174
16 13 5730
16 15 1243
16 17 4720
16 18 586
16 22 6083
16 23 2232
16 24 126
16 26 2629
16 27 5455
16 29 2003
16 30 4718
16 31 9342
16 32 3006
16 33 6669
16 34 3697
16 35 6126
16 36 3480
16 38 7395
16 39 5371
16 40 5271
16 41 9680
16 42 4807
16 43 7962
16 44 5845
16 45 168
16 48 2530
16 49 9288
16 50 8
16 52 9193
16 53 6322
16 55 8447
16 59 4823
17 2 9989
17 4 3968
17 5 906
17 6 2330
17 7 6277
17 9 2839
17 10 4390
17 14 8581
17 15 7988
17 16 7090
17 19 8466
17 20 1353
17 22 2898
17 23 2661
17 25 3353
17 26 9683
17 27 4965
17 28 1555
17 29 827
17 30 6683
17 31 6751
17 32 1093
17 34 1826
17 35 5705
17 37 3455
17 38 9570
17 39 4184
17 40 9575
17 41 7048
17 42 524
17 43 2467
17 44 6944
17 45 8335
17 47 2114
17 48 4827
17 49 4696
17 51 2465
17 52 8342
17 53 6924
17 54 8084
17 56 7784
17 58 2811
17 59 5531
18 1 4169
18 9 5092
18 10 756
18 12 1760
18 14 3812
18 20 3496
18 21 1152
18 22 8939
18 23 6645
18 24 292
18 25 4069
18 26 8202
18 27 8815
18 28 2202
18 32 3629
18 34 1163
18 35 4021
18 36 9301
18 37 9397
18 38 4792
18 39 1013
18 40 3417
18 41 9558
18 42 4164
18 43 2470
18 45 7546
18 46 4754
18 47 8377
18 48 2377
18 49 7526
18 50 4155
18 51 4292
18 52 9851
18 54 9221
18 56 6808
18 57 6545
18 58 3776
18 59 3608
19 1 3720
19 3 6651
19 4 9334
19 5 2273
19 6 1262
19 7 8872
19 8 415
19 9 3442
19 11 5523
19 12 5937
19 13 1115
19 14 7032
19 15 3654
19 16 7497
19 18 9871
19 20 3386
19 22 2017
19 26 3661
19 30 8023
19 31 1068
19 33 867
19 35 6287
19 38 9429
19 40 5026
19 41 1688
19 42 3429
19 43 1097
19 44 2816
19 45 301
19 47 4248
19 48 9003
19 50 9537
19 51 1068
19 54 3574
19 55 8974
20 0 7823
20 1 2348
20 2 9119
20 3 9936
20 4 3254
20 5 8278
20 6 4909
20 7 3078
20 9 5872
20 11 331
20 13 8444
20 14 2071
20 16 2053
20 17 8615
20 18 3955
20 19 8161
20 23 2630
20 24 6801
20 25 7627
20 26 3497
20 30 6486
20 31 6426
20 33 3679
20 34 923
20 36 9915
20 40 6503
20 41 4885
20 42 3881
20 43 637
20 44 2701
20 47 2037
20 48 1169
20 53 8718
20 55 5396
20 56 8829
20 59 3989
21 0 6647
21 1 2996
21 2 830
21 3 2204
21 4 6500
21 5 7424
21 6 2926
21 8 3039
21 9 3249
21 10 8511
21 12 7249
21 13 6548
21 15 3610
21 17 8068
21 18 3051
21 19 935
21 20 8218
21 23 9662
21 24 7118
21 25 7668
21 26 1577
21 28 6425
21 31 1932
21 33 7322
21 34 7621
21 35 5429
21 36 4973
21 37 9091
21 38 3928
21 41 5875
21 42 4963
21 44 2108
21 45 4134
21 46 2422
21 48 6554
21 53 4845
21 55 4929
21 56 3458
21 57 9421
21 58 8803
22 0 727
22 1 5008
22 2 1871
22 3 6460
22 4 3889
22 5 5877
22 7 1338
22 9 6530
22 10 6310
22 11 4312
22 15 3018
22 16 7687
22 17 3158
22 18 1244
22 20 3923
22 23 9795
22 24 5824
22 25 4801
22 26 8543
22 27 7612
22 28 8314
22 29 2214
22 30 3626
22 32 5838
22 33 5648
22 34 5074
22 35 2395
22 38 7286
22 39 2365
22 41 5344
22 43 9489
22 44 7378
22 45 6317
22 46 5226
22 53 3385
22 54 3922
22 56 6613
23 2 4837
23 3 8295
23 6 2792
23 7 5411
23 8 6838
23 9 5503
23 11 6607
23 13 748
23 14 3107
23 15 273
23 16 4624
23 17 2525
23 18 6735
23 20 524
23 22 3715
23 25 685
23 26 2383
23 27 2396
23 29 4425
23 31 2642
23 34 2622
23 35 1751
23 36 6398
23 37 4765
23 38 4774
23 39 3959
23 40 2600
23 41 5099
23 42 3337
23 43 9735
23 44 926
23 45 2398
23 46 125
23 48 4642
23 49 1167
23 50 5456
23 51 8942
23 52 5090
23 53 4674
23 54 4502
23 55 4030
23 57 7854
23 58 9397
24 1 2783
24 2 8785
24 3 1159
24 5 6194
24 10 3216
24 11 3242
24 12 725
24 13 8591
24 16 1942
24 17 3292
24 18 3124
24 19 9622
24 21 6240
24 23 519
24 25 1134
24 26 9827
24 27 1182
24 29 2399
24 30 8292
24 31 8140
24 32 8503
24 33 2986
24 36 962
24 40 5307
24 41 619
24 42 9925
24 43 1566
24 46 3183
24 48 8503
24 49 240
24 50 9043
24 51 8186
24 52 619
24 54 2778
24 56 9393
24 58 1331
24 59 784
25 2 3501
25 5 5674
25 7 9435
25 8 16
25 9 3351
25 11 7759
25 12 113
25 14 5549
25 15 806
25 16 8830
25 18 909
25 20 4784
25 21 154
25 23 3833
25 26 4385
25 28 6858
25 29 2815
25 30 8669
25 31 8568
25 32 9130
25 35 9997
25 36 8788
25 37 7737
25 38 612
25 39 934
25 40 4711
25 41 3526
25 43 8192
25 46 1604
25 48 682
25 49 2971
25 50 2372
25 51 8467
25 52 1515
25 54 1191
25 55 1208
26 0 628
26 1 136
26 2 716
26 3 4139
26 4 9805
26 5 4348
26 9 7222
26 11 3780
26 13 7241
26 15 8685
26 16 4165
26 17 8419
26 19 6941
26 20 7869
26 21 1891
26 25 9311
26 29 9855
26 31 6094
26 32 2480
26 33 8853
26 35 9669
26 36 4562
26 39 2589
26 40 3653
26 42 4187
26 43 830
26 45 2447
26 46 7332
26 47 6649
26 48 9125
26 49 6201
26 52 981
26 54 7868
26 55 7582
26 56 5738
26 57 555
26 59 7453
27 0 6577
27 1 2277
27 2 798
27 3 9301
27 4 3167
27 6 4361
27 8 2554
27 11 8730
27 13 8283
27 16 2265
27 17 8207
27 19 7115
27 20 1714
27 21 6899
27 22 2626
27 25 3079
27 26 1512
27 28 2970
27 29 7902
27 30 2943
27 31 1777
27 32 5040
27 33 7440
27 34 5129
27 35 9115
27 36 2623
27 38 2998
27 39 2738
27 42 1305
27 43 8034
27 44 30
27 45 3589
27 46 3405
27 50 9453
27 52 5717
27 54 468
27 56 3597
27 57 45
27 59 1469
28 1 6983
28 2 1075
28 3 7568
28 5 7237
28 8 2488
28 9 3014
28 10 3609
28 11 246
28 12 7302
28 13 566
28 14 1566
28 18 6824
28 20 2640
28 21 1796
28 22 6123
28 23 5826
28 25 5234
28 27 2723
28 29 664
28 30 3009
28 32 2307
28 33 4178
28 34 5099
28 36 8060
28 37 7099
28 41 8652
28 42 4773
28 43 5611
28 45 8373
28 47 3589
28 49 4129
28 53 1811
28 55 3613
28 56 2594
28 57 569
28 58 9134
28 59 7583
29 0 5031
29 1 8854
29 2 3735
29 3 5681
29 4 6793
29 5 4108
29 6 4837
29 7 3697
29 8 3413
29 9 2921
29 10 9663
29 11 2748
29 13 8258
29 15 5341
29 20 5492
29 21 2667
29 23 4416
29 25 342
29 26 5893
29 27 1982
29 28 698
29 30 3061
29 31 6361
29 32 8204
29 33 526
29 34 8611
29 35 7596
29 36 5378
29 37 5092
29 39 7080
29 40 9412
29 43 9219
29 45 5736
29 48 6074
29 49 7379
29 51 259
29 52 8368
29 55 8765
29 56 7969
29 59 891
30 0 6674
30 2 1599
30 3 4319
30 5 2757
30 6 1284
30 11 5009
30 12 139
30 14 8818
30 15 8771
30 16 6797
30 20 2457
30 23 9563
30 24 7773
30 25 8057
30 26 7657
30 27 198
30 31 6773
30 33 33
30 35 8671
30 36 4912
30 37 9676
30 39 4838
30 41 9668
30 42 7348
30 44 8010
30 45 5037
30 46 4867
30 47 9474
30 48 4844
30 49 2637
30 51 5730
30 53 7891
30 54 7347
30 55 4595
30 57 8742
30 58 7301
30 59 8800
31 0 9232
31 2 4812
31 4 5794
31 5 3933
31 6 4415
31 7 8662
31 8 5731
31 11 8623
31 13 6669
31 15 5366
31 17 2550
31 18 5842
31 20 212
31 22 7947
31 23 1468
31 24 3048
31 26 7730
31 27 1777
31 28 7380
31 29 6262
31 32 3309
31 34 2556
31 35 1601
31 38 5206
31 40 5922
31 41 1799
31 42 4711
31 43 9290
31 44 4325
31 45 8812
31 48 9315
31 49 5295
31 50 4918
31 52 8607
31 53 241
31 54 5161
31 55 2781
31 56 6165
31 57 3354
32 0 7269
32 1 2071
32 2 7405
32 6 3993
32 8 6144
32 9 4913
32 11 9264
32 12 1697
32 13 7130
32 14 6486
32 16 1362
32 17 6070
32 19 4292
32 21 3193
32 22 3459
32 23 2095
32 26 3759
32 27 2075
32 29 5778
32 30 6788
32 31 6815
32 33 6875
32 34 9938
32 37 5218
32 38 798
32 39 2773
32 40 5215
32 42 8750
32 44 5023
32 45 205
32 46 6075
32 47 234
32 48 9321
32 49 4423
32 50 7031
32 52 4261
32 53 596
32 56 894
32 57 1504
33 0 8926
33 3 7737
33 4 8479
33 5 4919
33 6 272
33 7 7583
33 9 620
33 11 9865
33 12 4729
33 13 9592
33 15 2906
33 17 7668
33 18 9673
33 20 3464
33 21 3645
33 22 7500
33 23 9484
33 24 4899
33 28 5978
33 29 5667
33 30 9547
33 31 6922
33 32 5823
33 35 3322
33 36 9892
33 38 5577
33 39 6544
33 41 3751
33 44 7641
33 47 4035
33 48 418
33 50 9720
33 51 8244
33 53 4357
33 54 151
33 55 9297
33 56 3822
33 58 4044
33 59 2010
34 0 5049
34 1 8490
34 2 2433
34 3 4593
34 4 8306
34 5 4569
34 6 4795
34 7 6669
34 9 7178
34 10 3313
34 11 8662
34 13 9643
34 14 837
34 16 6814
34 17 678
34 18 9150
34 20 4668
34 21 8789
34 22 3426
34 23 7996
34 26 2734
34 28 5229
34 29 1674
34 30 7321
34 31 2849
34 32 7544
34 35 6896
34 36 7466
34 37 3588
34 38 6847
34 39 6676
34 40 7996
34 41 2798
34 42 8339
34 43 6961
34 44 8490
34 46 6936
34 47 5331
34 48 2317
34 49 2527
34 50 4639
34 51 4974
34 52 3541
34 53 2920
34 56 6982
34 57 1743
34 59 2642
35 0 3580
35 2 4817
35 3 9437
35 4 44
35 6 2098
35 7 4471
35 8 9307
35 9 9338
35 10 2332
35 12 3360
35 14 1569
35 15 9041
35 16 7549
35 18 4043
35 20 6667
35 21 5121
35 22 8136
35 25 2488
35 26 5553
35 28 5904
35 30 2557
35 34 7864
35 36 8204
35 37 6803
35 38 5893
35 39 8107
35 40 4113
35 41 715
35 42 8697
35 43 3644
35 44 4266
35 45 2441
35 46 9661
35 47 8384
35 48 3223
35 51 7269
35 52 1971
35 53 4048
35 54 7283
35 55 9909
35 57 4191
35 58 4300
36 0 3977
36 1 3248
36 2 7846
36 3 442
36 4 8581
36 6 6178
36 7 1376
36 9 2184
36 10 1551
36 13 675
36 14 9037
36 15 5165
36 16 9786
36 19 5099
36 20 6951
36 22 6644
36 23 888
36 24 850
36 25 8195
36 27 8811
36 28 5394
36 30 5967
36 31 2967
36 37 9273
36 38 3054
36 39 3673
36 41 6948
36 42 2523
36 43 295
36 49 2211
36 51 3491
36 53 3531
36 55 5630
36 56 1804
36 57 5609
36 58 1924
36 59 3283
37 0 2395
37 2 9457
37 3 3582
37 5 9580
37 6 2475
37 7 5950
37 9 1102
37 12 2290
37 13 1604
37 14 8273
37 15 8635
37 19 2865
37 21 280
37 22 8587
37 23 5947
37 25 7762
37 26 5071
37 27 1061
37 28 4598
37 30 5886
37 31 7787
37 32 2657
37 34 9951
37 35 9840
37 38 1403
37 39 2875
37 40 3781
37 41 43
37 42 181
37 44 1743
37 45 3013
37 46 3548
37 47 707
37 48 693
37 50 8060
37 51 8380
37 52 7487
37 53 680
37 54 5217
37 56 1981
37 57 7889
37 58 3073
37 59 5647
38 0 4197
38 2 3495
38 3 7308
38 7 3649
38 8 8425
38 9 2542
38 10 498
38 11 2210
38 14 4193
38 16 5534
38 18 6104
38 19 5643
38 22 4900
38 24 9349
38 25 681
38 26 4164
38 27 4081
38 28 6015
38 30 9191
38 32 7725
38 34 5643
38 36 872
38 37 3128
38 39 8160
38 40 9706
38 41 4666
38 42 7065
38 43 3191
38 44 7685
38 45 1370
38 47 3834
38 48 4663
38 49 8272
38 50 1768
38 51 7101
38 52 5490
38 53 235
38 55 7924
38 58 9765
38 59 8376
39 0 5015
39 1 1044
39 3 8702
39 4 8780
39 5 1259
39 8 1000
39 10 2943
39 11 3951
39 12 6075
39 14 7369
39 15 3903
39 16 4451
39 17 741
39 20 1114
39 22 594
39 24 9790
39 25 2924
39 27 6531
39 28 1450
39 29 346
39 30 37
39 31 1391
39 35 8883
39 36 9850
39 38 8893
39 40 7665
39 43 4919
39 44 5430
39 48 5382
39 50 2328
39 51 3153
39 52 5426
39 55 457
39 56 1766
39 57 443
39 58 9225
39 59 2701
40 1 5470
40 2 4708
40 4 4051
40 6 3184
40 9 252
40 10 4832
40 12 4040
40 13 4418
40 15 1152
40 16 5425
40 17 612
40 18 361
40 20 2295
40 22 7573
40 23 9135
40 24 637
40 26 6239
40 27 6246
40 28 3767
40 29 3209
40 30 2280
40 32 3947
40 33 958
40 34 8212
40 35 191
40 36 1699
40 37 2526
40 39 5460
40 41 3294
40 42 8442
40 43 9097
40 45 263
40 49 5846
40 51 1813
40 52 7555
40 53 9583
40 54 128
40 55 5622
40 56 5010
40 57 7066
40 58 5656
41 2 3760
41 4 2423
41 5 4192
41 6 3163
41 7 8050
41 9 9708
41 10 9429
41 12 4106
41 13 90
41 14 2112
41 15 1911
41 21 7831
41 26 9016
41 27 1204
41 28 6670
41 29 3762
41 30 2698
41 31 7646
41 33 2489
41 34 4654
41 35 5504
41 37 2291
41 38 6503
41 40 720
41 43 7443
41 46 8492
41 48 7918
41 49 1387
41 50 88
41 52 9049
41 53 766
41 54 427
41 56 9327
41 57 6036
41 58 1978
41 59 8349
42 0 5378
42 1 7589
42 2 9949
42 3 4641
42 10 1229
42 11 405
42 12 3443
42 13 672
42 14 4790
42 15 7943
42 16 5460
42 17 8949
42 20 1620
42 21 2354
42 22 7586
42 23 2526
42 24 2324
42 25 35
42 26 6196
42 28 6859
42 29 7813
42 30 7644
42 36 3329
42 38 667
42 39 8048
42 40 9856
42 41 8453
42 44 7201
42 46 6445
42 48 7647
42 50 196
42 51 8145
42 52 6485
42 53 7359
42 54 3362
42 57 4194
42 59 1334
43 0 5303
43 1 5203
43 3 4577
43 5 2609
43 6 7527
43 7 6536
43 8 6716
43 10 1577
43 12 8153
43 15 6475
43 19 5948
43 21 5239
43 24 6801
43 26 4192
43 29 6532
43 30 2678
43 31 1180
43 32 7374
43 33 7238
43 34 8390
43 35 4671
43 36 6918
43 38 941
43 41 9616
43 42 5509
43 44 8164
43 45 3386
43 46 9079
43 47 4791
43 49 2574
43 51 4008
43 52 9615
43 57 5689
43 58 6316
43 59 5648
44 0 2541
44 1 932
44 2 4105
44 4 2585
44 6 9204
44 7 7859
44 14 1334
44 15 2705
44 16 7263
44 19 645
44 20 4005
44 21 363
44 22 7463
44 23 7447
44 25 774
44 26 7942
44 28 5836
44 33 4148
44 34 7270
44 35 6636
44 36 5650
44 37 8042
44 39 7864
44 40 5073
44 42 9207
44 43 8589
44 45 1911
44 46 9732
44 47 3147
44 49 2039
44 50 470
44 51 2788
44 53 3545
44 54 3051
44 56 5202
44 59 5710
45 1 9802
45 2 205
45 4 244
45 5 3957
45 6 5553
45 7 6453
45 8 5788
45 10 465
45 11 7473
45 13 9370
45 14 6007
45 15 2905
45 16 5248
45 18 9629
45 20 5803
45 21 9166
45 22 6476
45 23 1179
45 25 7758
45 27 4078
45 28 1533
45 29 9026
45 30 9196
45 32 5642
45 33 8493
45 34 9796
45 35 919
45 36 7937
45 37 8981
45 38 9554
45 39 6986
45 40 7718
45 41 7447
45 42 8726
45 43 6834
45 44 6304
45 46 2671
45 47 2027
45 49 1175
45 50 3291
45 51 722
45 53 6610
45 56 8361
45 57 3018
45 58 3271
45 59 4840
46 0 7497
46 1 6039
46 2 9028
46 3 7377
46 5 5945
46 6 9497
46 7 9129
46 12 4377
46 14 6586
46 16 9773
46 17 1277
46 18 9667
46 19 9718
46 20 557
46 21 6729
46 27 2467
46 29 9017
46 32 6227
46 33 7215
46 36 7486
46 37 1391
46 41 2073
46 43 1079
46 44 8543
46 48 3307
46 49 6405
46 51 7216
46 53 6597
46 54 8241
46 55 598
46 56 2915
46 57 2265
46 58 7521
46 59 8428
47 0 9791
47 1 7649
47 2 2995
47 3 7482
47 8 3244
47 9 4718
47 10 8143
47 12 9215
47 13 5562
47 14 8438
47 15 7559
47 18 7717
47 20 7579
47 21 5756
47 22 810
47 24 9294
47 25 1827
47 26 9589
47 27 4555
47 28 366
47 29 5906
47 32 1081
47 34 7884
47 35 6404
47 36 7433
47 37 5305
47 38 60
47 41 1496
47 42 6809
47 43 3089
47 44 6245
47 48 6311
47 50 3628
47 51 8430
47 52 5660
47 53 2819
47 54 1251
47 55 3058
47 57 8740
47 58 9239
47 59 3255
48 0 4404
48 1 5449
48 2 9974
48 3 9206
48 4 3208
48 5 7035
48 7 5340
48 9 8941
48 11 1219
48 12 3036
48 13 685
48 14 2285
48 15 7160
48 16 3526
48 17 4607
48 19 7851
48 20 1624
48 28 8755
48 30 460
48 32 4520
48 33 1731
48 34 7961
48 36 3357
48 38 9526
48 41 2261
48 42 2754
48 43 9876
48 45 8943
48 46 5307
48 47 4160
48 49 4373
48 51 7819
48 52 8570
48 53 9680
48 55 113
48 58 4653
48 59 2071
49 0 8286
49 1 9416
49 3 772
49 5 7637
49 7 1953
49 9 5301
49 10 1176
49 11 1466
49 12 5993
49 14 7778
49 15 6336
49 16 4891
49 17 7944
49 18 3922
49 19 3807
49 20 8698
49 21 5063
49 22 7623
49 23 5628
49 24 3806
49 26 3003
49 30 5507
49 31 752
49 32 5341
49 33 5673
49 34 5213
49 38 9332
49 40 7339
49 42 9696
49 44 6155
49 45 6701
49 47 5038
49 50 3616
49 51 1009
49 53 253
49 54 1555
49 55 7103
49 59 8591
50 0 3321
50 1 5835
50 3 7234
50 6 1077
50 10 4451
50 13 9143
50 16 1142
50 17 8391
50 19 4843
50 20 4166
50 23 4483
50 24 7914
50 26 1159
50 27 9563
50 28 4452
50 29 3678
50 30 5937
50 31 4777
50 33 6138
50 35 2158
50 37 2048
50 38 5818
50 39 9903
50 40 3440
50 42 6195
50 43 9514
50 45 4802
50 46 9399
50 47 5021
50 48 6442
50 49 5103
50 51 9901
50 53 9756
50 54 5183
50 56 420
50 57 6528
50 58 1298
50 59 2917
51 0 4150
51 1 7424
51 3 5793
51 5 7826
51 6 1474
51 8 6846
51 9 161
51 10 9575
51 11 2387
51 12 8727
51 17 6897
51 19 7754
51 23 9228
51 24 2539
51 25 4431
51 27 9723
51 28 3145
51 29 6823
51 30 8962
51 31 4820
51 32 9767
51 33 4729
51 34 2231
51 37 8059
51 39 6023
51 41 1852
51 43 7038
51 44 3099
51 45 5974
51 47 6404
51 48 3962
51 49 1418
51 50 8111
51 52 5594
51 53 1585
51 54 8583
51 55 9822
51 56 2207
51 57 1246
51 58 8493
52 1 831
52 2 6983
52 7 9712
52 9 4361
52 12 6899
52 13 6438
52 16 1559
52 17 9233
52 20 4300
52 22 8833
52 24 7309
52 27 3153
52 31 9192
52 32 4764
52 33 8044
52 34 6836
52 35 9261
52 36 401
52 38 2853
52 39 5267
52 40 4597
52 41 6692
52 43 8693
52 44 7721
52 46 9294
52 48 3692
52 49 8454
52 50 5768
52 51 7655
52 53 7974
52 54 9941
52 56 357
52 57 6459
52 59 4658
53 2 4516
53 3 1794
53 5 7533
53 6 4924
53 7 5629
53 8 3436
53 10 2571
53 11 1659
53 12 9344
53 13 5176
53 16 8225
53 17 2574
53 19 5808
53 22 5423
53 25 2763
53 26 9315
53 27 8828
53 28 8743
53 31 1497
53 33 9849
53 35 5119
53 36 7513
53 37 5378
53 39 4308
53 40 5198
53 42 5509
53 43 2279
53 44 9556
53 45 1939
53 46 5061
53 47 7163
53 48 1795
53 49 38
53 50 7784
53 52 9908
53 55 1348
53 56 6651
53 57 4576
53 58 1381
54 0 4203
54 1 996
54 2 5482
54 5 5516
54 7 3357
54 11 9874
54 12 1053
54 15 9055
54 18 9272
54 19 3073
54 20 3092
54 21 9514
54 24 3329
54 25 1196
54 27 7851
54 28 1675
54 29 4234
54 30 7321
54 32 861
54 35 4980
54 37 7049
54 39 744
54 40 7807
54 41 4836
54 43 5229
54 44 4508
54 45 7927
54 47 2878
54 48 2125
54 49 676
54 50 7030
54 51 6549
54 52 9992
54 55 5445
54 56 3057
54 57 9850
54 59 3344
55 1 771
55 2 3055
55 3 4994
55 6 632
55 7 1927
55 9 9339
55 11 5819
55 12 1868
55 14 1693
55 15 5340
55 16 3334
55 17 9505
55 18 8789
55 20 8164
55 21 3714
55 25 1491
55 26 2651
55 27 1653
55 29 3764
55 30 3099
55 31 8391
55 32 5840
55 33 131
55 34 9056
55 35 8387
55 36 9982
55 37 1788
55 39 46
55 43 9918
55 45 7322
55 46 212
55 49 4510
55 50 6293
55 53 2933
55 54 8218
55 58 7041
55 59 9354
56 0 8889
56 1 6774
56 2 1370
56 3 3102
56 5 1106
56 6 3286
56 7 8145
56 9 1428
56 12 8071
56 13 2424
56 16 8696
56 17 9407
56 18 4751
56 19 2286
56 20 8427
56 22 4743
56 23 9620
56 25 3530
56 26 3603
56 27 1961
56 29 2249
56 30 6128
56 31 1423
56 33 9965
56 34 3568
56 35 5552
56 36 5204
56 37 8822
56 38 8826
56 39 4229
56 41 8356
56 42 5506
56 43 2434
56 44 7836
56 45 1408
56 46 4805
56 49 1026
56 50 7746
56 51 6823
56 52 5786
56 53 5579
56 54 3800
56 57 352
56 58 395
56 59 8167
57 1 4807
57 2 1297
57 3 163
57 5 9151
57 6 3261
57 8 1623
57 9 7960
57 11 4132
57 12 9852
57 13 7570
57 15 3030
57 16 3666
57 18 2217
57 19 2795
57 20 3058
57 22 3072
57 23 1652
57 24 7492
57 25 6203
57 26 1939
57 27 7375
57 29 6441
57 30 2640
57 31 6064
57 33 2171
57 34 1858
57 35 4267
57 36 3501
57 38 4499
57 39 2956
57 40 3372
57 42 95
57 44 8335
57 45 8960
57 46 7082
57 47 972
57 49 367
57 51 6249
57 52 6664
57 53 2353
57 54 3346
57 55 1370
57 56 4978
57 58 7824
58 0 4543
58 1 6255
58 2 2491
58 3 2245
58 4 2662
58 5 7896
58 6 9557
58 7 9718
58 8 7511
58 9 2371
58 10 4415
58 13 4544
58 14 6050
58 16 341
58 17 4243
58 18 1271
58 19 6118
58 20 8700
58 21 1665
58 23 5554
58 24 9962
58 25 3269
58 27 8880
58 29 2300
58 31 9612
58 32 7724
58 34 1429
58 36 7318
58 37 3990
58 39 5252
58 42 1723
58 43 3073
58 45 6173
58 46 519
58 47 2116
58 48 5120
58 49 5932
58 51 7110
58 52 2659
58 54 5952
58 59 8280
59 1 9526
59 2 6559
59 3 6743
59 4 1040
59 5 9112
59 6 306
59 7 8028
59 8 1792
59 10 6050
59 12 3032
59 16 1617
59 17 151
59 18 8725
59 19 2628
59 20 2616
59 21 888
59 22 6843
59 23 809
59 24 9181
59 25 365
59 26 3020
59 27 143
59 29 4010
59 30 1337
59 31 518
59 36 591
59 38 5223
59 39 7373
59 41 1356
59 42 1342
59 43 2405
59 45 617
59 47 3382
59 48 4222
59 49 5485
59 51 9088
59 52 7777
59 55 8536
59 56 3980
