90
2743
0 1 808
0 3 5757
0 6 8263
0 10 4781
0 15 6951
0 16 9347
0 19 5971
0 20 2626
0 24 7565
0 28 5818
0 29 2403
0 30 2739
0 31 8648
0 42 3327
0 43 5279
0 45 2629
0 48 1421
0 54 2714
0 55 1145
0 61 2236
0 73 8693
0 77 2454
0 86 7072
0 87 4483
0 89 8016
1 6 7190
1 9 7072
1 10 6920
1 11 9804
1 13 7948
1 15 5541
1 18 7853
1 19 4713
1 23 7427
1 30 7416
1 32 2253
1 36 397
1 43 952
1 47 2453
1 49 792
1 53 7346
1 59 546
1 61 210
1 62 2149
1 63 3324
1 65 1195
1 69 6999
1 71 2549
1 72 8735
1 80 5967
1 82 9373
1 84 4302
1 88 1352
1 89 9723
2 4 9435
2 5 6591
2 9 3680
2 10 8454
2 11 486
2 12 9429
2 17 2258
2 18 344
2 21 3785
2 22 3819
2 26 1344
2 29 3510
2 33 807
2 35 8190
2 36 8563
2 43 1470
2 46 6984
2 47 774
2 52 8130
2 53 2499
2 57 5627
2 62 5617
2 70 7694
2 71 7999
2 72 4526
2 75 9876
2 77 3407
2 78 6622
2 85 3993
2 88 5567
3 5 97
3 6 7233
3 8 9902
3 9 4177
3 10 8122
3 13 2043
3 19 7500
3 20 1601
3 22 4929
3 26 2902
3 28 9703
3 32 5210
3 36 9738
3 42 816
3 47 5583
3 49 9679
3 52 1186
3 56 5135
3 62 4613
3 63 9053
3 67 7409
3 71 5773
3 76 7346
3 77 1539
3 80 176
3 83 5393
4 5 1659
4 8 428
4 11 5982
4 12 9687
4 15 8903
4 17 6354
4 18 9912
4 25 4994
4 28 9486
4 29 1325
4 31 7196
4 44 4587
4 45 1293
4 49 6529
4 51 7312
4 53 3333
4 58 4502
4 61 7320
4 62 1774
4 63 8853
4 64 3358
4 65 9280
4 67 1192
4 69 7687
4 75 355
4 77 247
4 79 3350
4 84 9158
4 87 9866
4 88 4340
5 2 7024
5 3 6632
5 9 1326
5 11 7702
5 16 8928
5 17 4714
5 20 2624
5 21 5543
5 23 9702
5 27 8378
5 35 9328
5 37 4110
5 38 8457
5 40 784
5 43 1006
5 44 4628
5 46 2789
5 47 7337
5 48 9190
5 50 2920
5 53 4158
5 57 2772
5 59 2064
5 60 8533
5 63 3634
5 68 4646
5 69 5729
5 73 946
5 75 1215
5 76 4453
5 77 8815
5 82 2937
6 0 4910
6 1 4916
6 3 8262
6 5 2205
6 7 774
6 8 2861
6 10 7288
6 14 2500
6 21 8388
6 27 8999
6 32 6317
6 42 832
6 43 4053
6 45 9277
6 46 3588
6 53 8707
6 55 7521
6 56 9352
6 57 8930
6 58 4703
6 59 4470
6 60 1598
6 61 1278
6 62 461
6 68 9846
6 69 7204
6 72 7055
6 74 6132
6 75 7821
6 77 902
6 80 2982
6 83 1317
6 87 9507
6 89 2303
7 3 3769
7 4 3367
7 11 2050
7 13 8418
7 16 8173
7 17 6986
7 22 9690
7 24 943
7 25 4170
7 28 9368
7 29 3420
7 31 7595
7 33 858
7 35 3289
7 37 5641
7 40 6422
7 44 4982
7 45 8718
7 46 3152
7 47 1958
7 55 8796
7 56 8454
7 62 2314
7 63 9119
7 69 466
7 71 9087
7 74 8571
7 76 8346
7 78 1077
7 79 5659
7 81 8462
7 82 8867
7 84 6394
7 85 9637
7 87 2297
7 88 5970
8 2 4153
8 5 959
8 9 8742
8 10 7613
8 12 670
8 16 1512
8 19 7304
8 20 2231
8 21 5421
8 24 9346
8 28 746
8 29 1706
8 32 3913
8 36 4827
8 40 5551
8 41 3266
8 44 9456
8 45 9416
8 55 9985
8 57 877
8 59 286
8 61 1629
8 66 401
8 68 7350
8 69 3746
8 71 5626
8 80 5576
8 81 8114
8 83 6639
9 0 9326
9 1 3781
9 4 8933
9 5 8347
9 6 8477
9 12 6050
9 13 2888
9 14 2286
9 15 3424
9 16 2429
9 18 5890
9 22 2908
9 24 7564
9 27 3539
9 30 2505
9 31 1819
9 33 778
9 34 1912
9 36 287
9 38 3365
9 41 8703
9 43 2789
9 45 1001
9 48 2115
9 53 3445
9 55 7505
9 56 9750
9 57 9307
9 62 9884
9 68 3189
9 74 7746
9 76 9761
9 85 9143
9 87 5246
10 3 852
10 7 5114
10 9 9593
10 12 1085
10 13 8288
10 18 3205
10 20 6360
10 21 2835
10 27 106
10 29 6926
10 33 5702
10 35 6564
10 36 9104
10 40 7169
10 41 9417
10 42 9440
10 44 7519
10 45 6293
10 53 4691
10 54 4104
10 57 7719
10 58 9870
10 60 5271
10 66 2380
10 69 1967
10 70 8377
10 74 9165
10 75 7130
10 77 5823
10 80 9053
10 81 2443
10 82 1714
10 83 4408
10 84 1350
10 85 5968
10 86 8931
10 88 529
11 5 7060
11 13 8054
11 15 3644
11 17 5859
11 26 772
11 33 5334
11 35 7488
11 37 5262
11 39 4447
11 43 6322
11 47 3930
11 48 954
11 51 218
11 54 7830
11 58 5046
11 65 9501
11 66 5456
11 72 6288
11 80 3087
11 81 7794
11 82 8714
11 84 8603
11 89 8877
12 3 7961
12 6 1827
12 14 4612
12 20 6339
12 22 8557
12 24 4637
12 25 5411
12 26 7935
12 27 4754
12 34 2238
12 35 8670
12 42 2724
12 48 4218
12 49 4258
12 51 6668
12 56 5804
12 60 9576
12 61 4156
12 63 3521
12 64 1226
12 65 1178
12 67 191
12 68 282
12 69 6578
12 71 9143
12 79 1871
12 85 172
12 89 7987
13 0 9782
13 5 3762
13 10 8696
13 16 8107
13 18 6341
13 20 3868
13 25 16
13 27 1389
13 29 5812
13 31 1753
13 33 6105
13 36 5188
13 38 543
13 39 5960
13 40 8677
13 45 5127
13 49 8576
13 50 3712
13 59 5482
13 61 2228
13 65 9243
13 70 8664
13 71 618
13 73 6749
13 75 219
13 80 4789
13 83 4010
13 85 8184
13 86 8014
13 89 4007
14 2 6918
14 9 6677
14 10 6834
14 12 554
14 13 961
14 16 7803
14 17 4719
14 18 6305
14 22 4754
14 23 88
14 24 8382
14 25 2939
14 30 7291
14 31 3265
14 34 114
14 36 4334
14 46 8454
14 48 284
14 52 6024
14 53 429
14 57 215
14 58 1061
14 63 2992
14 70 2603
14 72 6422
14 78 3586
14 81 2171
14 89 3891
15 5 2185
15 7 3872
15 8 5397
15 11 2888
15 12 1165
15 14 1769
15 16 920
15 17 2339
15 21 3373
15 23 9688
15 27 8263
15 31 2810
15 33 8019
15 35 270
15 36 7378
15 37 7862
15 40 9476
15 42 937
15 44 2640
15 45 2608
15 56 4782
15 57 5980
15 58 4468
15 59 4528
15 64 4736
15 65 1713
15 68 2285
15 71 6223
15 72 371
15 77 7393
15 80 9537
15 81 6222
15 86 3343
15 88 224
15 89 8762
16 0 3448
16 1 2545
16 3 5290
16 7 1104
16 8 2745
16 15 8064
16 18 5134
16 21 1464
16 22 9055
16 28 8477
16 30 8724
16 33 5883
16 34 5736
16 43 297
16 44 5533
16 45 4834
16 49 2000
16 59 5330
16 60 7160
16 62 7822
16 65 8279
16 70 7893
16 71 3526
16 74 7408
16 78 8302
16 86 8078
16 87 6157
16 88 7388
16 89 1714
17 2 1837
17 3 1972
17 4 741
17 5 8935
17 6 1248
17 8 9056
17 10 5101
17 11 5630
17 12 6954
17 16 7068
17 22 1505
17 23 5280
17 24 5679
17 26 2127
17 27 9490
17 29 9635
17 30 6719
17 32 3239
17 37 1251
17 40 3148
17 41 7626
17 44 3233
17 45 3910
17 50 7155
17 52 5364
17 53 8472
17 57 9152
17 63 4482
17 64 3374
17 65 5769
17 67 5321
17 68 3555
17 69 3931
17 70 3648
17 76 3117
17 81 9715
17 82 4025
17 87 3446
17 89 5412
18 5 7797
18 6 4823
18 7 9083
18 11 9189
18 23 6331
18 27 8654
18 29 2282
18 30 1018
18 34 9528
18 35 9039
18 38 7926
18 42 2202
18 43 1027
18 46 5788
18 55 2434
18 56 5301
18 57 2563
18 58 8092
18 65 5779
18 75 3515
18 80 8249
18 84 3879
18 85 9169
18 86 9375
18 89 6055
19 0 314
19 2 408
19 3 2303
19 5 95
19 10 2311
19 12 9064
19 17 1289
19 20 609
19 24 197
19 27 5156
19 31 2698
19 35 5712
19 36 698
19 40 6871
19 51 6611
19 53 8067
19 57 5600
19 62 7689
19 63 8916
19 66 2053
19 67 3595
19 74 7002
19 75 3972
19 76 1083
19 81 792
20 0 7501
20 3 8670
20 7 4896
20 8 4643
20 9 4645
20 10 8086
20 15 7043
20 19 549
20 23 9641
20 24 2173
20 27 6677
20 29 2212
20 30 8922
20 31 7746
20 33 9743
20 37 176
20 40 3448
20 41 3985
20 42 5335
20 43 5457
20 44 6604
20 46 3212
20 49 1187
20 51 6128
20 54 9995
20 55 3245
20 56 4217
20 57 5388
20 63 2632
20 72 8737
20 73 5341
20 74 2436
20 76 4735
20 80 2243
20 81 3906
20 87 7156
21 3 46
21 4 2306
21 7 3655
21 12 8435
21 13 4621
21 16 7335
21 23 4301
21 26 5801
21 31 6588
21 33 2422
21 35 7419
21 36 8473
21 37 1572
21 39 7234
21 44 8460
21 45 6371
21 53 7267
21 57 3700
21 65 6392
21 66 3381
21 67 8330
21 68 4237
21 73 9257
21 79 9122
21 81 6321
21 83 4719
21 84 8833
21 86 6079
22 0 9929
22 2 3734
22 5 4534
22 7 2172
22 10 836
22 13 9110
22 17 7450
22 24 8201
22 25 6060
22 29 4286
22 32 8165
22 34 3486
22 35 657
22 42 8762
22 43 1948
22 48 8688
22 49 5512
22 59 7939
22 61 3000
22 62 6065
22 68 555
22 69 1447
22 70 4694
22 72 6594
22 75 5717
22 76 3451
22 77 7748
22 78 494
22 80 4266
22 83 9364
22 85 2277
22 87 8735
23 4 8745
23 5 9976
23 6 3049
23 12 2216
23 13 8019
23 15 7150
23 24 477
23 26 9480
23 29 2623
23 31 7244
23 38 5251
23 39 2894
23 44 3889
23 45 6075
23 55 1957
23 58 7255
23 62 6734
23 65 3412
23 70 4229
23 71 2226
23 73 496
23 75 502
23 81 2492
23 82 3527
23 85 5882
23 86 8842
24 0 4504
24 5 5381
24 8 6449
24 9 8888
24 10 2240
24 16 4910
24 18 7738
24 26 3010
24 29 8804
24 32 9241
24 33 3639
24 34 2581
24 36 817
24 38 5597
24 39 6473
24 41 6532
24 44 9819
24 45 5615
24 48 1206
24 52 5961
24 53 756
24 57 8918
24 58 4090
24 59 2485
24 60 761
24 61 3381
24 66 5137
24 72 9214
24 73 2526
24 75 7473
24 77 1945
24 86 609
24 87 2872
25 1 9734
25 2 7983
25 3 1705
25 8 2470
25 9 679
25 14 7839
25 17 6573
25 21 3225
25 23 8442
25 26 2378
25 27 8860
25 29 871
25 30 5982
25 33 2931
25 36 6611
25 40 4388
25 43 1334
25 46 4095
25 48 12
25 58 9188
25 62 9078
25 64 3768
25 68 2470
25 72 6260
25 73 2443
25 80 4779
26 4 4793
26 5 9918
26 9 2796
26 10 2842
26 13 6713
26 17 946
26 20 7910
26 27 7622
26 29 543
26 34 6614
26 42 1564
26 45 3707
26 46 9987
26 49 293
26 50 4847
26 54 8131
26 60 1899
26 64 6744
26 65 2867
26 67 5353
26 68 9008
26 71 498
26 75 1993
26 77 5309
26 82 8008
26 84 3741
26 85 450
26 86 377
27 0 7729
27 3 9157
27 4 2302
27 6 8645
27 8 138
27 16 5586
27 21 7969
27 22 3952
27 24 9693
27 28 5513
27 36 4784
27 37 8098
27 38 2707
27 39 708
27 41 3797
27 51 7180
27 52 2269
27 54 177
27 55 6646
27 57 9515
27 62 4108
27 63 5898
27 64 9713
27 66 5998
27 69 5761
27 70 1580
27 71 2849
27 77 3610
27 81 5172
27 84 481
27 86 6642
27 87 9719
28 3 5001
28 8 6219
28 11 5228
28 12 8936
28 16 8219
28 18 9720
28 19 8464
28 23 5309
28 24 1984
28 26 3812
28 35 9114
28 36 6515
28 38 921
28 40 3528
28 41 7722
28 42 8192
28 45 3449
28 51 9488
28 55 1492
28 56 4120
28 57 5728
28 61 9962
28 66 7829
28 78 9837
28 79 7627
28 88 2028
28 89 5651
29 9 7806
29 17 7062
29 19 1745
29 25 2376
29 27 3651
29 30 3312
29 36 5421
29 37 8190
29 40 8476
29 42 9626
29 43 9378
29 46 2403
29 53 1255
29 55 8365
29 57 8322
29 58 6516
29 61 4789
29 62 6393
29 63 8719
29 64 8001
29 65 9768
29 68 8760
29 74 3477
29 78 3313
29 84 5829
29 87 4469
29 89 9175
30 4 5911
30 5 3938
30 6 8903
30 7 930
30 10 9311
30 14 8883
30 16 7735
30 22 8446
30 23 3454
30 25 4890
30 33 3805
30 38 7768
30 39 33
30 40 6643
30 41 5000
30 43 4237
30 44 5771
30 49 4848
30 50 9556
30 51 8721
30 53 9826
30 54 657
30 58 2406
30 59 4021
30 60 3565
30 62 8354
30 65 7302
30 66 7139
30 71 792
30 72 4209
30 83 1737
30 84 3023
30 85 2114
30 86 5429
30 87 1755
30 89 5661
31 0 2476
31 1 9036
31 6 4581
31 15 5431
31 16 5220
31 19 9070
31 20 8657
31 21 7671
31 24 2286
31 27 3248
31 33 8452
31 34 5861
31 36 275
31 43 7529
31 46 1688
31 53 8324
31 58 4437
31 62 6811
31 63 9321
31 64 7821
31 65 7210
31 67 9891
31 68 448
31 70 5160
31 72 9352
31 76 1874
31 78 3798
31 81 3296
31 82 409
31 83 6061
31 85 6615
31 86 6757
32 2 8302
32 5 2764
32 9 4913
32 11 2873
32 15 905
32 17 9399
32 23 8465
32 24 1706
32 27 7977
32 30 8046
32 38 135
32 47 7026
32 62 5410
32 63 2381
32 64 2612
32 68 3559
32 74 9701
32 77 4455
32 78 7576
32 82 4914
32 86 3285
33 0 9441
33 2 1440
33 5 9267
33 6 1302
33 10 9447
33 14 211
33 17 9378
33 20 7552
33 21 5262
33 23 2534
33 26 4964
33 29 442
33 30 9048
33 37 6285
33 39 1989
33 40 4261
33 41 5081
33 42 4696
33 43 9152
33 44 8209
33 46 3438
33 47 8969
33 53 6767
33 56 8449
33 57 1560
33 58 563
33 61 1539
33 64 4808
33 65 3299
33 66 608
33 68 7480
33 70 1863
33 74 8201
33 77 1197
33 79 5566
33 81 3648
33 84 2601
33 85 6662
33 86 8315
34 0 8429
34 1 1051
34 4 9227
34 5 5479
34 7 9628
34 8 5629
34 13 5784
34 25 5697
34 26 8869
34 29 1859
34 44 8464
34 45 1034
34 47 6969
34 48 1192
34 50 2328
34 54 7249
34 56 2004
34 61 691
34 66 7682
34 68 1550
34 71 7527
34 75 6940
34 77 1051
34 79 1547
34 83 9117
34 84 4281
34 89 2079
35 2 80
35 3 3414
35 7 2950
35 9 3431
35 12 1342
35 14 5175
35 17 5599
35 18 3323
35 24 9897
35 25 6527
35 27 8493
35 29 9544
35 30 2371
35 38 536
35 40 8007
35 41 1577
35 42 1896
35 44 5972
35 46 6363
35 48 1558
35 49 4392
35 50 2615
35 53 7827
35 58 780
35 59 6312
35 63 4800
35 64 4244
35 67 8646
35 69 5314
35 70 706
35 74 5137
35 76 8911
35 77 5877
35 78 562
35 80 1696
35 81 3774
35 89 694
36 3 7928
36 9 7250
36 10 7534
36 12 6030
36 14 5215
36 20 8896
36 26 3312
36 29 7551
36 32 3261
36 33 6821
36 37 3674
36 40 5727
36 45 3103
36 46 9265
36 49 1441
36 51 3901
36 53 7236
36 57 2037
36 59 3222
36 61 1219
36 65 9418
36 66 8697
36 69 288
36 70 8903
36 74 5115
36 80 2340
36 83 8646
36 85 1421
36 87 8403
37 0 9527
37 1 1453
37 2 4076
37 4 6750
37 6 8900
37 9 9088
37 10 3037
37 15 3806
37 22 974
37 23 1894
37 24 9996
37 28 711
37 30 6348
37 32 4905
37 36 1353
37 38 9636
37 39 2634
37 45 7238
37 46 6298
37 49 1058
37 51 6260
37 53 160
37 54 2905
37 57 9897
37 58 4323
37 66 6454
37 67 2159
37 68 3704
37 69 9976
37 72 8148
37 73 1405
37 74 3491
37 78 4325
37 81 5592
37 88 5242
37 89 9007
38 4 1917
38 10 1236
38 12 6169
38 16 9364
38 17 1587
38 18 3376
38 19 1818
38 21 6167
38 22 1429
38 23 1680
38 27 9597
38 30 6132
38 35 1061
38 39 1633
38 44 132
38 46 4317
38 47 452
38 49 3276
38 50 3571
38 51 4409
38 54 2344
38 60 3005
38 64 6586
38 66 9496
38 69 3201
38 71 5266
38 73 5824
38 75 5580
38 76 1895
38 79 3466
38 80 5299
38 81 4694
38 89 7126
39 0 7093
39 3 6023
39 9 8747
39 10 9724
39 11 3296
39 12 9915
39 14 4191
39 18 3356
39 20 8522
39 26 5752
39 29 1545
39 30 2895
39 35 9001
39 37 3327
39 40 2118
39 41 7884
39 45 5288
39 53 1631
39 56 1238
39 57 6010
39 62 463
39 63 965
39 72 232
39 73 4671
39 74 3983
39 79 9612
39 81 2684
39 83 5430
39 85 2358
39 86 7916
39 89 2000
40 4 8680
40 6 5276
40 8 7568
40 9 4808
40 11 454
40 14 228
40 20 3207
40 21 4358
40 22 470
40 27 4437
40 31 7377
40 32 1559
40 37 9641
40 43 1266
40 46 5909
40 54 5448
40 56 1932
40 60 8684
40 62 5467
40 63 7474
40 69 5398
40 70 5938
40 71 4265
40 75 6695
40 76 984
40 77 761
40 79 5846
40 85 1421
40 87 9065
40 88 2579
40 89 5223
41 4 2921
41 6 6861
41 7 6880
41 9 9862
41 14 905
41 23 3713
41 24 8364
41 27 8787
41 44 2611
41 49 3510
41 51 5060
41 52 203
41 55 5663
41 56 5232
41 57 9643
41 65 8237
41 66 2
41 67 7631
41 71 5063
41 72 3325
41 73 1312
41 74 5225
41 75 8646
41 81 6558
41 84 514
41 85 9883
42 4 7105
42 10 1776
42 12 2929
42 13 7369
42 15 1007
42 19 855
42 21 9178
42 22 3325
42 24 4756
42 28 4444
42 33 2695
42 44 1857
42 48 2988
42 49 9976
42 53 9704
42 57 5287
42 59 8434
42 63 5820
42 65 2674
42 66 9394
42 68 5042
42 70 5526
42 72 221
42 73 8596
42 75 6941
42 84 5815
42 85 1522
42 87 9612
43 2 9212
43 3 1101
43 6 8281
43 7 5202
43 8 6273
43 14 1520
43 26 8953
43 27 1484
43 28 8108
43 35 8407
43 36 4452
43 44 6507
43 53 1016
43 54 4518
43 67 9283
43 68 892
43 70 2422
43 71 5009
43 73 8228
43 76 1806
43 77 8518
43 80 5803
43 82 930
43 85 3605
43 86 2593
44 12 6602
44 15 5547
44 17 9246
44 18 3429
44 19 5852
44 27 5351
44 31 8082
44 35 7762
44 40 8733
44 47 6413
44 48 6771
44 49 6765
44 51 8370
44 52 5397
44 58 6668
44 60 8147
44 64 5777
44 67 1175
44 72 2821
44 75 5704
44 76 8232
44 77 2851
44 78 712
44 82 1525
44 85 4713
44 87 9232
44 88 1148
45 0 1084
45 3 6275
45 10 6023
45 11 7952
45 15 6424
45 18 5391
45 21 151
45 22 2221
45 24 2654
45 26 6687
45 30 2085
45 33 7900
45 34 802
45 36 8300
45 37 7310
45 38 1181
45 40 3935
45 42 211
45 48 4883
45 55 5330
45 57 3383
45 60 2744
45 62 6444
45 66 3107
45 74 2746
45 76 6528
45 77 1577
45 78 1191
45 81 8158
45 85 5707
45 86 5015
46 1 9625
46 4 4746
46 20 9502
46 21 5504
46 22 254
46 28 2665
46 32 1022
46 34 192
46 36 7160
46 37 4542
46 41 3710
46 45 2384
46 47 2109
46 48 8477
46 53 5773
46 55 754
46 56 4881
46 58 7630
46 60 270
46 64 800
46 70 3148
46 72 3128
46 79 9167
47 0 4704
47 1 5306
47 8 7934
47 13 8685
47 16 2182
47 20 8667
47 21 5995
47 22 1259
47 25 552
47 27 3616
47 30 3911
47 31 177
47 34 2221
47 35 7746
47 36 8632
47 38 7832
47 40 6098
47 42 5505
47 45 2599
47 52 8990
47 53 5781
47 54 8842
47 56 180
47 61 6964
47 65 1739
47 66 3312
47 68 3685
47 71 6352
47 79 6613
47 84 4889
47 87 4451
47 88 1297
48 4 7833
48 7 3136
48 9 1750
48 10 814
48 11 2759
48 13 9844
48 14 6697
48 15 4707
48 16 3342
48 17 1791
48 18 1450
48 21 2721
48 29 2838
48 31 9972
48 33 645
48 36 3082
48 37 6116
48 38 7800
48 40 3225
48 43 4875
48 49 2672
48 50 2633
48 51 7069
48 52 4686
48 54 5045
48 59 6153
48 60 3689
48 69 7962
48 72 5213
48 76 3731
48 79 3096
48 83 6627
48 85 6216
48 89 2165
49 1 6039
49 2 4973
49 4 1060
49 7 3761
49 9 3356
49 10 5791
49 14 633
49 18 8818
49 19 4595
49 20 9190
49 28 476
49 30 6756
49 33 3026
49 34 5249
49 35 4124
49 36 6675
49 37 6501
49 38 7173
49 40 4151
49 43 996
49 45 5356
49 46 3378
49 52 1788
49 55 9787
49 61 6628
49 62 6365
49 63 6572
49 67 262
49 76 4363
49 79 4410
49 84 1678
50 0 9436
50 3 9794
50 7 4761
50 10 754
50 11 8930
50 15 2049
50 19 642
50 20 8283
50 28 2173
50 30 5462
50 32 2414
50 33 2548
50 34 2118
50 35 1536
50 37 5264
50 38 686
50 39 7297
50 44 9422
50 45 9332
50 47 8811
50 49 9640
50 54 853
50 56 2528
50 57 3251
50 58 8094
50 59 7097
50 64 7501
50 68 263
50 69 1910
50 71 5735
50 74 9729
50 77 1400
50 81 7585
50 84 8766
50 87 2532
51 0 6690
51 2 5599
51 6 4719
51 10 1946
51 15 3886
51 16 1293
51 17 7564
51 18 7321
51 20 6170
51 22 137
51 23 2157
51 25 2787
51 29 8703
51 31 5760
51 37 3503
51 38 370
51 39 4387
51 41 5106
51 44 7419
51 45 1871
51 47 8932
51 52 2609
51 53 280
51 60 3101
51 61 9094
51 64 2575
51 67 8630
51 68 5732
51 69 3148
51 70 548
51 71 2554
51 74 4627
51 79 4508
51 81 3154
51 86 4465
51 87 2537
51 88 9405
52 1 3776
52 2 6806
52 3 7087
52 6 1155
52 10 752
52 12 9092
52 18 9215
52 20 3181
52 25 4485
52 32 5201
52 34 5589
52 35 7007
52 43 4830
52 46 132
52 47 1265
52 50 3481
52 53 9942
52 60 5605
52 61 2711
52 62 1441
52 65 5379
52 67 8530
52 68 8483
52 70 2756
52 76 8514
52 78 7870
52 80 9114
52 84 1406
52 85 3410
52 86 2423
52 87 2936
52 89 5106
53 0 9831
53 1 4735
53 6 5205
53 12 7749
53 13 8346
53 16 3294
53 17 9197
53 18 198
53 19 7902
53 21 3887
53 22 8469
53 23 6138
53 26 5405
53 29 2705
53 31 8967
53 34 8119
53 39 7421
53 42 4017
53 43 6229
53 46 9254
53 50 8829
53 51 8864
53 52 8874
53 56 4772
53 57 2076
53 58 1786
53 59 3598
53 60 7381
53 63 1189
53 73 1004
53 75 1728
53 76 846
53 80 9485
53 82 5767
53 84 1947
53 87 4675
54 1 3115
54 2 7939
54 4 1429
54 8 8970
54 11 2305
54 12 2823
54 19 7888
54 22 446
54 26 8460
54 29 9453
54 31 2741
54 34 391
54 37 2695
54 39 5828
54 43 7090
54 45 9784
54 46 7430
54 48 4314
54 55 1545
54 57 5030
54 58 6870
54 64 4152
54 65 206
54 67 592
54 69 905
54 76 6619
54 77 8550
54 83 133
54 84 390
54 85 4326
54 89 4799
55 0 5375
55 1 1953
55 3 8243
55 11 8090
55 15 2337
55 17 1633
55 20 8519
55 22 6291
55 25 4507
55 34 4501
55 40 150
55 50 6609
55 51 4459
55 52 8990
55 53 1899
55 63 8176
55 65 5213
55 68 4150
55 69 8139
55 70 4645
55 75 3319
55 76 2720
55 79 9928
55 80 3811
55 87 9503
56 2 3569
56 6 9627
56 8 3400
56 9 9686
56 15 5521
56 16 3459
56 17 4585
56 18 2756
56 22 7563
56 23 6506
56 24 7386
56 28 9621
56 29 7293
56 30 7899
56 32 5373
56 33 9408
56 35 9511
56 51 8624
56 57 2626
56 58 7307
56 62 7093
56 63 5040
56 67 1846
56 68 7334
56 69 1115
56 70 9121
56 76 2534
56 79 6427
56 81 1542
56 85 7758
56 89 6259
57 5 3827
57 7 3456
57 9 4811
57 10 4096
57 11 3468
57 12 7021
57 15 9204
57 16 7268
57 17 9044
57 20 3803
57 29 3486
57 30 1048
57 31 8946
57 35 1106
57 36 7167
57 38 4949
57 41 1311
57 46 3820
57 52 1683
57 54 3278
57 60 3838
57 61 2898
57 64 9955
57 66 7797
57 73 3466
57 75 5358
57 79 1664
57 80 9080
57 81 3062
57 89 1755
58 1 7260
58 5 3348
58 8 4709
58 9 5765
58 15 3034
58 20 5172
58 21 6385
58 22 8164
58 23 829
58 31 7478
58 32 717
58 33 8007
58 42 7078
58 43 5588
58 49 6312
58 50 2360
58 55 1641
58 56 4434
58 68 4866
58 70 7222
58 72 1176
58 74 5325
58 76 477
58 83 9273
58 84 6745
58 86 1321
58 88 7535
58 89 3959
59 3 4550
59 7 7280
59 9 7847
59 11 2416
59 14 626
59 15 951
59 17 7493
59 25 3329
59 27 9688
59 28 509
59 30 8315
59 32 4595
59 34 1768
59 35 259
59 38 1313
59 39 2892
59 43 884
59 44 3582
59 46 5853
59 48 4519
59 54 514
59 55 4269
59 60 8639
59 71 758
59 73 9315
59 78 6611
59 83 6118
59 86 1250
59 89 9431
60 0 9855
60 3 7148
60 4 311
60 8 2198
60 9 2947
60 11 1425
60 12 8202
60 13 5992
60 16 1133
60 18 7829
60 22 9196
60 24 4809
60 25 3145
60 28 5204
60 29 5192
60 36 6801
60 39 5653
60 40 1525
60 41 9581
60 48 6767
60 50 9877
60 54 7090
60 55 2648
60 57 5209
60 59 8038
60 66 5715
60 70 5129
60 72 9965
60 74 4550
60 77 6801
60 81 3648
60 85 4349
60 88 9638
60 89 5758
61 1 157
61 2 5054
61 7 5417
61 8 1799
61 11 1489
61 12 421
61 13 4981
61 15 4144
61 17 4670
61 23 2258
61 24 7913
61 25 8872
61 30 660
61 31 3455
61 32 1698
61 36 2405
61 39 7438
61 42 1708
61 45 3442
61 46 5275
61 48 973
61 50 9230
61 51 82
61 53 8624
61 63 6732
61 64 7364
61 70 5232
61 71 1650
61 72 237
61 74 1627
61 77 2501
61 78 835
61 82 9174
61 83 267
61 85 1675
61 87 2010
61 88 2428
61 89 2987
62 3 2401
62 6 7338
62 10 3736
62 13 6945
62 14 1787
62 15 58
62 17 819
62 18 4884
62 19 4022
62 21 7221
62 22 8006
62 23 3359
62 38 5375
62 40 7121
62 41 516
62 42 7690
62 43 5196
62 44 9640
62 45 6221
62 51 9116
62 60 281
62 70 65
62 72 7883
62 74 8649
62 78 582
62 79 6893
62 82 570
62 85 8000
63 1 7812
63 6 8692
63 10 7487
63 12 8784
63 13 4720
63 16 6837
63 17 9067
63 21 4851
63 27 6697
63 32 3430
63 35 8988
63 41 2847
63 42 9484
63 50 3105
63 54 9549
63 61 6366
63 62 1913
63 64 5939
63 66 9138
63 68 8382
63 72 6392
63 74 601
63 80 5023
63 81 9427
63 84 4138
63 86 1319
63 89 2272
64 5 5753
64 15 9131
64 17 552
64 18 5872
64 23 1631
64 24 8462
64 25 1563
64 26 5027
64 27 9911
64 37 2287
64 47 6505
64 48 6517
64 51 9974
64 52 1950
64 53 4939
64 54 8864
64 56 524
64 62 9455
64 63 7468
64 73 6852
64 76 8512
64 81 3948
64 82 5983
64 87 9695
64 89 5163
65 1 5011
65 2 1556
65 6 4073
65 8 6136
65 10 4017
65 13 8186
65 16 9893
65 18 1778
65 32 8812
65 36 1031
65 40 2969
65 42 1409
65 44 8226
65 46 2597
65 47 3742
65 48 7004
65 55 4566
65 59 1865
65 60 5680
65 66 2030
65 70 8846
65 72 5942
65 76 5188
65 80 1055
65 82 3314
65 83 7981
65 84 569
66 1 6808
66 2 8571
66 3 2487
66 4 6417
66 6 3399
66 8 4918
66 9 2843
66 11 4708
66 12 20
66 15 2871
66 19 9084
66 20 8021
66 24 845
66 26 6859
66 28 769
66 30 8108
66 38 4711
66 39 2791
66 40 2663
66 41 1933
66 42 4793
66 44 6482
66 48 9577
66 49 9672
66 51 5538
66 52 7315
66 56 3513
66 57 9988
66 61 6727
66 63 3449
66 64 7334
66 65 2892
66 71 5386
66 73 5973
66 74 9530
66 81 6083
66 84 6352
66 85 6668
66 88 5608
66 89 8707
67 2 9556
67 5 9992
67 6 813
67 7 9781
67 9 9096
67 10 139
67 15 5897
67 18 2460
67 24 8655
67 26 1793
67 30 3310
67 31 5067
67 33 3765
67 35 291
67 36 4309
67 37 6423
67 38 4317
67 41 458
67 44 2123
67 48 9541
67 50 1613
67 51 9392
67 55 1481
67 59 4280
67 60 3983
67 61 8051
67 62 2764
67 66 3685
67 69 9276
67 70 4968
67 77 4685
67 78 3717
67 85 2779
67 86 5813
68 2 9327
68 3 3530
68 6 3299
68 9 1060
68 13 9456
68 14 4963
68 17 1798
68 20 4577
68 22 7053
68 32 9094
68 36 618
68 37 1677
68 38 8200
68 40 5729
68 44 1349
68 45 7574
68 48 4852
68 49 1535
68 50 603
68 51 5919
68 53 8452
68 54 51
68 55 1859
68 57 4135
68 59 5018
68 60 3239
68 61 8923
68 64 5568
68 65 5138
68 67 2078
68 70 3602
68 73 1794
68 77 3626
68 82 1084
68 85 1809
69 1 6288
69 3 8775
69 5 7100
69 10 638
69 14 8675
69 16 1658
69 17 3439
69 18 6063
69 21 2485
69 24 3375
69 25 2670
69 30 9490
69 34 837
69 38 3869
69 45 5079
69 46 9784
69 55 8645
69 57 5788
69 61 1207
69 63 5817
69 64 3378
69 65 4611
69 70 7421
69 75 8884
69 79 9629
69 80 9148
69 86 2277
70 0 7990
70 2 4671
70 3 3891
70 4 4881
70 6 2177
70 7 1203
70 8 4572
70 9 4027
70 13 7319
70 17 1820
70 18 2548
70 19 8020
70 22 4437
70 23 7566
70 26 4171
70 28 1003
70 29 1532
70 32 7812
70 33 2066
70 34 6810
70 37 1085
70 43 7373
70 44 7212
70 45 7436
70 50 4163
70 51 6119
70 52 8468
70 55 9897
70 56 2097
70 59 8688
70 62 6817
70 65 5406
70 67 9479
70 71 7054
70 72 5356
70 73 4978
70 75 7028
70 79 5987
70 83 3878
70 84 7326
71 2 4595
71 4 7160
71 5 7637
71 6 7161
71 7 8841
71 10 9064
71 11 2985
71 12 2937
71 19 5416
71 25 828
71 28 9715
71 30 5089
71 33 7431
71 41 1430
71 43 9531
71 46 2512
71 48 5846
71 49 4623
71 54 8647
71 56 3729
71 59 7745
71 61 1904
71 64 8370
71 67 3680
71 77 857
71 78 5521
71 79 8979
71 82 7542
71 84 7635
71 87 5773
71 88 4327
72 5 9574
72 8 7990
72 9 4888
72 11 6813
72 12 5955
72 13 6445
72 15 2285
72 19 5882
72 21 7215
72 22 798
72 26 1672
72 27 4114
72 34 1200
72 37 9033
72 39 5620
72 40 8257
72 43 1591
72 46 9386
72 52 8035
72 53 1945
72 57 6256
72 58 9115
72 59 5444
72 60 1655
72 66 3847
72 68 9307
72 75 1486
72 77 1406
72 80 8417
72 83 1648
72 85 5772
72 87 9846
72 88 1542
73 0 8399
73 1 9640
73 3 7700
73 8 3884
73 11 1659
73 14 7847
73 15 4716
73 18 6584
73 19 7590
73 28 4077
73 32 9040
73 33 5800
73 36 128
73 43 7337
73 44 1220
73 46 389
73 48 9610
73 57 9110
73 61 5602
73 63 6356
73 65 5170
73 68 9073
73 78 8899
73 80 8921
73 86 9727
73 88 4227
74 2 9913
74 7 559
74 9 3
74 11 5996
74 13 9992
74 20 7163
74 21 5061
74 22 4260
74 24 9259
74 25 3506
74 27 8642
74 30 2983
74 32 8885
74 33 8744
74 36 2146
74 39 3510
74 42 6757
74 44 5807
74 48 3528
74 51 1197
74 53 4300
74 55 1819
74 58 1561
74 59 891
74 60 9453
74 61 1294
74 64 9523
74 68 3370
74 72 9159
74 75 9429
74 76 9518
74 78 8169
74 82 6657
74 86 9567
74 88 4310
74 89 4282
75 0 8187
75 6 3406
75 8 2117
75 9 347
75 11 1045
75 12 4189
75 15 3433
75 17 8678
75 20 3629
75 22 4131
75 26 9670
75 30 3202
75 33 4190
75 36 3948
75 37 8624
75 39 6877
75 40 8409
75 43 6703
75 47 2338
75 49 4220
75 54 5255
75 56 4395
75 58 5335
75 60 9962
75 63 714
75 66 4153
75 68 6089
75 69 645
75 73 193
75 79 2312
75 80 8322
75 82 1404
75 83 7880
75 85 2617
75 86 3087
75 88 3615
75 89 3571
76 2 3111
76 5 7286
76 12 1597
76 24 3757
76 26 1839
76 27 6533
76 30 4412
76 31 9111
76 33 9697
76 35 5842
76 38 2674
76 40 9471
76 41 7359
76 42 9098
76 44 5667
76 45 2080
76 46 7238
76 50 6059
76 53 854
76 54 6429
76 55 5655
76 57 2057
76 58 9950
76 60 4754
76 63 5070
76 64 8792
76 65 4613
76 69 5351
76 71 6427
76 72 3722
76 79 8950
76 87 9272
77 0 9944
77 5 7535
77 11 8874
77 16 5499
77 17 2884
77 21 9099
77 22 8818
77 26 1129
77 27 9401
77 29 4636
77 36 2463
77 41 6548
77 42 9748
77 43 6530
77 45 4002
77 49 3716
77 50 2606
77 51 7858
77 53 8186
77 56 7417
77 62 2521
77 66 6773
77 69 8762
77 73 5186
77 75 738
77 76 4957
77 78 7690
77 79 4077
77 81 7208
77 86 1864
77 88 4130
77 89 2884
78 6 8262
78 9 7323
78 11 5259
78 14 4066
78 16 1023
78 24 8035
78 25 8941
78 29 4758
78 35 1489
78 36 1492
78 40 6620
78 41 2009
78 43 6714
78 44 2624
78 45 4165
78 49 59
78 52 8315
78 55 9554
78 56 1789
78 57 7237
78 58 2334
78 61 2336
78 62 6593
78 67 6547
78 71 7888
78 79 6146
78 81 9536
78 86 1811
79 0 4581
79 1 2404
79 4 9515
79 10 6375
79 13 7437
79 15 19
79 20 7504
79 21 3140
79 24 3927
79 25 5235
79 35 7877
79 42 9396
79 43 8041
79 48 285
79 53 5440
79 59 7666
79 60 4303
79 61 8626
79 64 9499
79 68 8844
79 70 6452
79 74 4659
79 80 3704
79 82 3345
79 86 2223
79 89 6631
80 0 7704
80 2 656
80 5 8206
80 6 402
80 9 932
80 10 3874
80 11 1536
80 15 8952
80 16 5413
80 19 1604
80 29 7293
80 33 559
80 34 4632
80 39 8579
80 41 4864
80 43 1503
80 46 987
80 50 7033
80 51 1007
80 52 652
80 53 2441
80 54 2134
80 60 3432
80 65 2439
80 74 3808
80 75 1896
80 77 1198
80 79 1037
80 82 4366
80 86 3694
80 87 434
81 1 1956
81 5 2668
81 8 7240
81 9 6194
81 16 9808
81 29 3201
81 31 7943
81 36 5769
81 37 4862
81 38 8394
81 44 4641
81 46 172
81 48 3367
81 56 9688
81 58 238
81 59 1520
81 60 1571
81 66 861
81 67 7437
81 68 3687
81 74 8503
81 77 1918
81 78 5673
81 83 1438
81 84 9973
81 86 6424
81 87 1632
82 3 3452
82 12 985
82 14 7145
82 18 9574
82 23 9029
82 25 224
82 29 3730
82 33 1052
82 34 7557
82 35 8725
82 39 6738
82 40 3710
82 43 2109
82 46 1352
82 48 3431
82 50 9264
82 59 187
82 60 4996
82 62 5231
82 64 4034
82 65 5354
82 66 9709
82 67 840
82 69 5314
82 71 4249
82 75 4910
82 77 6958
82 85 2552
82 86 4280
82 87 3512
83 0 9665
83 3 1276
83 12 4569
83 13 7823
83 17 9287
83 18 172
83 19 172
83 26 7199
83 27 6893
83 29 1740
83 33 707
83 34 9323
83 35 6027
83 37 548
83 38 782
83 39 5123
83 42 9793
83 46 7354
83 48 2279
83 49 1319
83 52 7769
83 53 3596
83 61 6770
83 65 4689
83 66 9816
83 69 9635
83 71 6982
83 74 9141
83 75 939
83 76 2320
83 78 3210
83 79 1948
83 87 347
84 1 6769
84 2 4418
84 6 7194
84 10 4980
84 17 7979
84 18 8153
84 21 5008
84 26 1083
84 27 7742
84 28 1569
84 29 5385
84 30 6279
84 31 7031
84 33 5383
84 35 3022
84 36 4010
84 41 9266
84 43 5367
84 44 6502
84 47 4078
84 51 3565
84 54 8128
84 55 7983
84 56 5300
84 62 8156
84 63 2340
84 64 5642
84 68 2296
84 74 5090
84 80 7400
84 83 2996
84 89 5508
85 0 8607
85 2 6932
85 4 5929
85 30 8613
85 33 9566
85 35 4181
85 38 3309
85 44 7462
85 46 2926
85 50 6200
85 53 3358
85 60 598
85 63 5244
85 64 1717
85 65 4774
85 67 2744
85 68 7978
85 71 2308
85 75 631
85 76 1526
85 78 9872
85 80 312
85 83 6806
85 86 8530
86 0 5422
86 6 7275
86 7 548
86 8 5259
86 14 425
86 15 1626
86 16 4918
86 18 516
86 22 8499
86 23 2192
86 30 245
86 32 5361
86 34 1269
86 37 552
86 40 6006
86 42 4807
86 45 8003
86 49 7647
86 50 5318
86 51 4264
86 53 6543
86 57 6381
86 65 8403
86 66 1338
86 72 9794
86 74 6245
86 75 7397
86 77 5383
86 80 7893
87 2 660
87 3 6788
87 6 7123
87 7 1648
87 10 3682
87 19 3047
87 29 6170
87 31 9932
87 36 5426
87 42 8956
87 44 3027
87 49 326
87 54 8486
87 56 7517
87 62 6350
87 66 703
87 72 9114
87 73 1802
87 76 6036
87 77 5945
87 79 7068
87 84 7170
87 89 231
88 4 4686
88 7 832
88 8 4774
88 10 3089
88 11 406
88 12 2352
88 20 8374
88 21 7597
88 29 3353
88 31 3486
88 32 1218
88 33 4445
88 34 9151
88 39 7203
88 40 1996
88 46 6859
88 48 7397
88 52 5067
88 55 2672
88 64 4912
88 67 8904
88 70 9476
88 77 5591
88 80 7699
88 84 6512
88 85 6815
89 9 1571
89 10 3704
89 11 4256
89 12 3744
89 17 6978
89 23 1214
89 33 9438
89 35 6704
89 36 9197
89 37 6697
89 38 6543
89 39 2558
89 43 7942
89 50 4053
89 52 6831
89 53 4935
89 62 8275
89 69 272
89 70 8239
89 71 309
89 72 1385
89 74 8143
89 76 88
89 78 1885
89 79 2752
89 81 7703
89 82 4104
89 83 8259
89 84 458
89 87 5265
