10
69
0 2 9708
0 3 4088
0 4 1785
0 5 391
0 6 3112
0 7 644
0 8 4229
0 9 2644
1 0 5698
1 2 1832
1 4 856
1 6 4399
1 7 5011
1 8 6411
1 9 9143
2 0 6253
2 1 1332
2 3 7583
2 7 850
2 8 8020
2 9 1457
3 0 9127
3 2 4509
3 7 4569
3 8 1897
3 9 3649
4 0 7271
4 1 8275
4 2 6163
4 3 3577
4 5 5936
4 6 8187
4 7 7111
4 8 4623
4 9 7215
5 0 6464
5 1 8461
5 2 6343
5 4 5187
5 7 7393
5 8 2434
5 9 9705
6 0 4244
6 3 7191
6 5 140
6 7 2280
6 9 4380
7 0 7245
7 1 2403
7 2 8133
7 3 3454
7 4 475
7 6 2006
7 8 7573
7 9 4159
8 1 98
8 2 9644
8 3 3201
8 4 7808
8 5 9004
8 7 5020
8 9 1177
9 0 4391
9 1 2309
9 3 3536
9 5 3028
9 6 8658
9 7 9722
9 8 1922
